1.100228358184130034e-01
1.095358506834078482e-01
1.104424255708910951e-01
1.099424514417448595e-01
1.104500122207502238e-01
1.086162080824058379e-01
1.113622820135471841e-01
1.085279576830917858e-01
1.087670848885157610e-01
1.094574358925062413e-01
1.103344380444780531e-01
1.113794985473623711e-01
1.103290752975056299e-01
1.105053942320868982e-01
1.104908900153281776e-01
1.094128608640428241e-01
1.110691866397297278e-01
1.130332319755715936e-01
1.087670769699836948e-01
1.100904403767908046e-01
1.086756543211020998e-01
1.120682778808196611e-01
1.098021878189496953e-01
1.085938286953827686e-01
1.141129789962820190e-01
1.083216078125231879e-01
1.097012102038940479e-01
1.086977937863500415e-01
1.132624827031651626e-01
1.101081620189454519e-01
1.102350933773893066e-01
1.133085777031879599e-01
1.103914288389975795e-01
1.085879617056381002e-01
1.127519872527901201e-01
1.108047529278772675e-01
1.100291216496186580e-01
1.099661301712928918e-01
1.132179324276116061e-01
1.109990923611701569e-01
1.100282099069462421e-01
1.081622282798471307e-01
1.102876126275832286e-01
1.100697324652451237e-01
1.085185821020626523e-01
1.085639505041830905e-01
1.093141033567872206e-01
1.098998020935339631e-01
1.078610670521866627e-01
1.098797042212369124e-01
1.105053942077117157e-01
1.113478520017891493e-01
1.101282066320748293e-01
1.104913106249789945e-01
1.097028254859903490e-01
1.097891906325414307e-01
1.100273760313657256e-01
1.096410480363940870e-01
1.080607308425476781e-01
1.134285130314530016e-01
1.128974964269424675e-01
1.080169267908611674e-01
1.137250330263371717e-01
1.083112325789949981e-01
1.083190836251908262e-01
1.105212843852001470e-01
1.083111176300754208e-01
1.105053942117404236e-01
1.137612126099678822e-01
1.098108793023220286e-01
1.103262233737097864e-01
1.098343717849313700e-01
1.101667576966111756e-01
1.099565369486997513e-01
1.116102418236512989e-01
1.097346296722852277e-01
1.127490719951878412e-01
1.101040510451840176e-01
1.105811273192500027e-01
1.095498864378272735e-01
1.103931878327651522e-01
1.083861557858955271e-01
1.085665536332000441e-01
1.140402935396936518e-01
1.130327255576569351e-01
1.047046327894376044e-01
1.100997240839825808e-01
1.103163303585913829e-01
1.104013183551011273e-01
1.086623506199760891e-01
1.143655148316947145e-01
1.138542816612263670e-01
1.084112173088422337e-01
1.100690778803370823e-01
1.105053942320868982e-01
1.102829849222029396e-01
1.085640012655082198e-01
1.086292628315197878e-01
1.085526133324891673e-01
1.133738440314431689e-01
