1.280685166831986299e-01
1.144487425608079756e-01
1.196845909614129566e-01
1.465240217316192972e-01
1.278363003304222034e-01
1.346639695048219287e-01
1.261415666282321435e-01
1.692286445715304177e-01
1.258156914525977998e-01
1.435729929281135964e-01
1.521190169948396509e-01
1.429192174258264447e-01
1.295047324095478514e-01
1.215093971391697225e-01
1.401901545994166665e-01
1.402079845916401057e-01
1.291370111311155588e-01
1.283908569983327475e-01
1.259166757866339303e-01
1.232625106671012410e-01
1.348772935006150031e-01
1.389189640926564717e-01
1.282492653759582657e-01
1.309120600485179919e-01
1.180589537266391181e-01
1.282596023223736004e-01
1.331835023538300578e-01
1.315151353628586650e-01
1.495120741744540016e-01
1.357050466908470976e-01
1.164973971360670629e-01
1.447635644284195333e-01
1.356585545649044711e-01
1.408394047946139038e-01
1.255204587269699579e-01
1.287178806184335333e-01
1.431733107400392502e-01
1.353587165003665715e-01
1.325497843131588083e-01
1.252861690346305512e-01
1.473675468487486151e-01
1.452958010610412853e-01
1.148739711504720845e-01
1.376160406900037991e-01
1.296709282919285555e-01
1.509840449493581593e-01
1.643137178948686772e-01
1.217610021400432480e-01
1.317078482339297807e-01
1.177512640538089378e-01
1.257906025169015229e-01
1.260602297849738318e-01
1.335066957350939942e-01
1.501941618335007056e-01
1.307402551623211007e-01
1.425759289716631018e-01
1.402739906587093244e-01
1.762402912803356092e-01
1.299057548494415015e-01
1.323199344809040945e-01
1.425565111730715540e-01
1.268525197354805067e-01
1.219811000842247750e-01
1.221086108899967354e-01
1.499101760518753712e-01
1.476491553923512390e-01
1.211672625362266026e-01
1.342959952036889559e-01
1.264617322848927694e-01
1.167715155318533593e-01
1.575659237161606274e-01
1.407679373944903112e-01
1.193362247395017006e-01
1.165256964034718096e-01
1.258116653547440011e-01
1.163406083475098246e-01
1.444610211884962692e-01
1.414465869481192628e-01
1.454231296693540010e-01
1.414225720145980691e-01
1.354053412788967514e-01
1.146707554906710169e-01
1.449586660678792160e-01
1.281828862532907731e-01
1.242015168364459243e-01
1.353027931572031994e-01
1.177047271750260443e-01
1.296072131468824495e-01
1.336380349458643202e-01
1.335094605696427184e-01
1.297245307350342325e-01
1.437554633124829007e-01
1.452223179965995425e-01
1.347382214219636776e-01
1.378557965100997151e-01
1.528381603483429385e-01
1.363351342467885030e-01
1.308341738472748039e-01
1.210716296532851621e-01
1.144257351272352785e-01
