2.280964158523184071e-01
2.281460019188109867e-01
2.032258518677358128e-01
2.280711308313662089e-01
2.281582324143957563e-01
2.281471870919329625e-01
2.280959220613074934e-01
2.290318704071730160e-01
2.280932353406355806e-01
2.279223269743565483e-01
2.237506545737113772e-01
2.282425744849268523e-01
2.281863837734583456e-01
2.238625757688872397e-01
2.280856876994041549e-01
2.281717463309269889e-01
2.278748974696695462e-01
2.282976110534631065e-01
2.279107816552343735e-01
2.280946552509764413e-01
2.281214497865518831e-01
2.280882473104006158e-01
2.280693406652488930e-01
2.284345164812973672e-01
2.280825004096568853e-01
2.281838837214589799e-01
2.281238019587593369e-01
1.779434065130911513e-01
2.146498302871826525e-01
2.270245904136309334e-01
2.281374457058788774e-01
2.284585356199627382e-01
2.281564740920467849e-01
1.806510302894589470e-01
2.280733094853151788e-01
2.253077388793963132e-01
2.281800339125138744e-01
2.281910976098593669e-01
2.277860810805143466e-01
2.283894081563270229e-01
2.196725586667013230e-01
2.281472929076464873e-01
2.281399361336603204e-01
2.281574699145213492e-01
2.280874081363004624e-01
2.279791089232668932e-01
2.283049292622094661e-01
2.281091537275937442e-01
2.169922565805168513e-01
2.281952398614561783e-01
2.282088442890844726e-01
2.281344885508722053e-01
2.288183845357289747e-01
1.843759974999509832e-01
2.282556312174284230e-01
2.280808472313145818e-01
2.281412945925018754e-01
2.233623739500683603e-01
2.242916513159448899e-01
2.280850871862394047e-01
2.280211259700225257e-01
2.052720373571915724e-01
1.566701027302558336e-01
2.279967973837911943e-01
2.281987159130581255e-01
2.278516195427101598e-01
1.789414795097120925e-01
2.269639881031235429e-01
2.281597877382820772e-01
2.281468657462426275e-01
2.281372549459305676e-01
2.195844448974464402e-01
2.285732688462840390e-01
2.281555073449647308e-01
2.282987831096837394e-01
2.288930130899729798e-01
2.282334954665316828e-01
2.281621793030919887e-01
2.262010741414317849e-01
2.282216733924978813e-01
2.281200933522637975e-01
2.280999202194398390e-01
2.279110710436506870e-01
2.093414242381941293e-01
2.280939419620285069e-01
2.281849662538337764e-01
2.282013606571105524e-01
2.281864102610429157e-01
2.281666612184014564e-01
2.279536369712157340e-01
2.281277615874826858e-01
2.281307989469752162e-01
2.236965970160720019e-01
2.282182990024689828e-01
2.280669822380138323e-01
2.289218651619845390e-01
2.282121709587168201e-01
2.281976409892086388e-01
2.280967503470158197e-01
2.284686228889532544e-01
