1.366068920231960637e-01
1.345484380188333162e-01
1.199659597004742312e-01
1.288445308054902982e-01
1.284304576221718674e-01
1.334314593145491945e-01
1.409164015851087359e-01
1.217471007725219184e-01
1.301032675401924965e-01
1.495116302538178066e-01
1.403588196290544710e-01
1.248839101224134135e-01
1.312890511581640551e-01
1.514278574141119105e-01
1.312320830360563517e-01
1.281351240212880438e-01
1.332174203351165209e-01
1.217567031884181639e-01
1.186033170635280992e-01
1.433639084580506096e-01
1.285987505471637149e-01
1.359257799796596000e-01
1.172523992111888930e-01
1.300730343185039772e-01
1.404721655370413935e-01
1.361955418890859193e-01
1.629033164671418732e-01
1.466760194390604177e-01
1.229380305074201235e-01
1.284628361743066494e-01
1.389914021552441092e-01
1.593576418151910756e-01
1.221490070506439374e-01
1.375130381218380160e-01
1.389647751585345870e-01
1.310285274636744934e-01
1.322298598536251202e-01
1.282014101937855588e-01
1.329262149956731143e-01
1.357849953360950324e-01
1.451098759814830885e-01
1.387146993488572455e-01
1.190745067909281113e-01
1.389629508010035153e-01
1.271555567821971156e-01
1.634658015248169893e-01
1.352604839470024911e-01
1.235354917922020790e-01
1.326558943069742480e-01
1.365501855180184243e-01
1.391874025367455525e-01
1.220007004512810439e-01
1.216787756230318235e-01
1.359130292463176515e-01
1.417253026384653614e-01
1.473385600988499911e-01
1.301678338103766097e-01
1.248250885389412951e-01
1.309101156436852931e-01
1.259303393196548049e-01
1.306110474059479776e-01
1.432178528303773291e-01
1.355615217715505638e-01
1.360649999785895903e-01
1.368250542848941931e-01
1.449536199550290894e-01
1.271908181074402344e-01
1.328991728370892411e-01
1.256962987358305472e-01
1.199365870596135475e-01
1.350962728949653691e-01
1.357856667973121878e-01
1.343183385666590068e-01
1.323545731731368136e-01
1.348369949961385761e-01
1.353236326637790310e-01
1.385471604424744485e-01
1.295289439539276666e-01
1.374970415415770475e-01
1.424237708013789128e-01
1.301396733360560831e-01
1.324903930210705738e-01
1.280593804203715158e-01
1.353589315346838129e-01
1.325061728248631554e-01
1.241637709622894631e-01
1.297142020358657555e-01
1.295001468872211958e-01
1.223442489007124795e-01
1.327313444185887759e-01
1.530163850428087058e-01
1.540962843831625018e-01
1.263358395635570675e-01
1.327628214646387750e-01
1.465849524633965617e-01
1.525437318091458494e-01
1.338982152150369476e-01
1.334311819510730357e-01
1.222614096881597806e-01
1.349615080198732220e-01
