1.894862524825183248e-01
1.607487253557507434e-01
1.638572418797479835e-01
1.601879032746018061e-01
1.844645673587977375e-01
1.999500891002869429e-01
1.670213706010602317e-01
1.944046480321034165e-01
1.853955023732711538e-01
1.886675130928753275e-01
1.671450237615595968e-01
1.705348561584501821e-01
1.822589140979892219e-01
1.807454473613840651e-01
1.771884213220770998e-01
1.756674364219820150e-01
1.856117702961012361e-01
1.610847649348107202e-01
1.887817973677730354e-01
2.003885913913440453e-01
1.617082515588085245e-01
1.819627074286225832e-01
1.774739390946839801e-01
1.860482920882017277e-01
1.751911366242184798e-01
1.624950637133765474e-01
1.884177664260474894e-01
1.638303570368710160e-01
1.893805188934657713e-01
1.959644470430177143e-01
1.854537457436882530e-01
1.942336922700742541e-01
1.970288364867090469e-01
1.605550541728353320e-01
1.888328533469322279e-01
1.625386724523539550e-01
1.690908200687654128e-01
1.641052989141885132e-01
1.890844276278204061e-01
1.699560987683639279e-01
1.877071418586832019e-01
1.995313363388634131e-01
1.675024046372861064e-01
1.854451491306301214e-01
1.717714736742550208e-01
2.080748877290455601e-01
1.959678392485153797e-01
1.814789864323683166e-01
1.755248518517284473e-01
1.852796857086856930e-01
1.610127793228116333e-01
1.805510260978910320e-01
1.603468622238537200e-01
1.675543764933010993e-01
1.881171691343706820e-01
1.959644470430177143e-01
1.628288773879122131e-01
1.909721384853258486e-01
1.738709613041896640e-01
1.893135556125221108e-01
1.831771876508934138e-01
1.628966949490489868e-01
1.664664398524401401e-01
1.723560446063722162e-01
1.853117125543922161e-01
1.892701983751894912e-01
1.670568918363675159e-01
1.902765361569139779e-01
1.887354953484398079e-01
1.894330487240573901e-01
1.942403737167275324e-01
1.745910736241349515e-01
1.854936199729587398e-01
1.660454010912087996e-01
1.698021867611287095e-01
1.580473019669902945e-01
1.677715871393711256e-01
1.893239029007157403e-01
1.943847883622978057e-01
1.894323201005436719e-01
1.822487567983258339e-01
1.854351492137300828e-01
1.885531894636836292e-01
1.865228396482840334e-01
1.856116929896486356e-01
1.731176959347216493e-01
1.687474441032684180e-01
1.884862827049164080e-01
1.893223569475098733e-01
1.573760847246554739e-01
1.957526450883237956e-01
1.893131640366610691e-01
1.946601009539380700e-01
1.976786015432724364e-01
1.854621971775843869e-01
1.709012497476511405e-01
1.856111621146601942e-01
1.852938184584813908e-01
1.858171101778248735e-01
1.736060420287470762e-01
