2.845314998182180144e-01
2.328389923370713377e-01
2.213882352164917855e-01
2.049352196767478818e-01
3.028113570129789545e-01
2.444087978589393750e-01
2.740788478624359148e-01
3.023776301676924794e-01
2.745945900879517843e-01
3.121112827926749711e-01
2.104735705158901071e-01
2.376545943453455267e-01
2.311342845596953688e-01
2.611432054494057242e-01
2.187424091764861855e-01
2.451961111748797717e-01
2.872034638681950636e-01
1.994637067761214633e-01
2.452435912475768864e-01
2.519656117578382704e-01
2.324286614628707226e-01
3.002274095170022750e-01
2.157415347476799861e-01
3.003499259578126801e-01
2.109661759201659215e-01
2.459032428874861342e-01
2.924483347147244228e-01
2.424689523302213101e-01
1.863950047498781348e-01
2.420760550353235618e-01
1.924273881035121481e-01
2.433432301019445854e-01
2.609623774669381779e-01
2.118264113987811392e-01
2.460618587787341549e-01
2.402126686829186841e-01
2.015375894978603810e-01
2.498389932951975700e-01
2.933052493359180057e-01
2.714915636827962553e-01
2.896131887667178773e-01
2.590870995612223893e-01
2.516720052077843772e-01
2.438430421314396468e-01
2.030797938390077051e-01
2.577309624570827684e-01
2.947320310116413600e-01
2.336304476885671944e-01
2.929920179911542077e-01
1.938808157935369980e-01
2.417299410257385817e-01
2.564247947778023340e-01
1.632408975793126493e-01
2.025286943428239173e-01
2.195584756772529789e-01
2.569074842103340472e-01
2.300811987508793455e-01
2.964802563209547048e-01
1.620621489910100965e-01
2.938222458250565605e-01
2.731437417469621542e-01
2.104536964421451217e-01
1.854526904857646541e-01
2.634262473451256525e-01
2.811719190564582194e-01
2.904306198686024687e-01
2.371150229509725038e-01
2.627178618158750867e-01
2.092472695255786497e-01
2.954103370847953047e-01
2.989048519460617004e-01
2.642598532501970743e-01
2.421628715870213222e-01
1.736290295935726535e-01
2.380388472615367901e-01
2.339347934851686850e-01
2.060862103001142864e-01
3.075781323669165013e-01
2.956278746714993688e-01
3.082394971573388931e-01
2.610133240236859886e-01
2.901645350908984566e-01
3.323388056650514177e-01
2.138952848281356622e-01
3.020852331389111689e-01
2.235544707127848085e-01
1.863206506949934282e-01
2.195446801009261761e-01
2.511697240807082010e-01
1.904545786199139390e-01
2.331515066622180110e-01
1.938258311411630019e-01
2.247581539430004716e-01
3.187523305093482029e-01
2.917075618423375372e-01
1.868821408179303367e-01
2.764670040812701735e-01
2.837899827314037671e-01
2.904772138810114424e-01
2.420219626552347070e-01
