1.631083390825880941e-01
1.617942782164269733e-01
1.434673720002645758e-01
1.617875544868508930e-01
1.617865048945396067e-01
1.617931765038339853e-01
1.617904475108453977e-01
1.701985137050901209e-01
1.617350310998122709e-01
1.617904219409364852e-01
1.561330450543509663e-01
1.642809346428214801e-01
1.617916789671264011e-01
1.586205011252311836e-01
1.617899320070148861e-01
1.617346727114300498e-01
1.617983368308543723e-01
1.626634762676316126e-01
1.617339771975370988e-01
1.617917339157908807e-01
1.617322669537840651e-01
1.617311213166809925e-01
1.617312386425194259e-01
1.673168996481682602e-01
1.617889442384583265e-01
1.617888435746304976e-01
1.617354156546773891e-01
1.270604898042454745e-01
1.524303018732218185e-01
1.600045005250501362e-01
1.617971907792198627e-01
1.703131989533585855e-01
1.617310283750530153e-01
1.276852569998923881e-01
1.617983829986386346e-01
1.571494564236529667e-01
1.617913899270989608e-01
1.617890764762618117e-01
1.643916174731058777e-01
1.672881394684546108e-01
1.589336335334926298e-01
1.617325041670754637e-01
1.617905464624259382e-01
1.617887756905468932e-01
1.617930284374271832e-01
1.617879650105178702e-01
1.671662603859343788e-01
1.617873906388862804e-01
1.616167409906682506e-01
1.617346681719973867e-01
1.617861979363240388e-01
1.617340981161252689e-01
1.701115622520494031e-01
1.260813919977573361e-01
1.617893670744330603e-01
1.617903273489909033e-01
1.617904662848169417e-01
1.663342072242820491e-01
1.562345642018224123e-01
1.617342300778819575e-01
1.642521510255038342e-01
1.417763903848139329e-01
1.076527916861028111e-01
1.617334345225052983e-01
1.624770762395350843e-01
1.643913491087491963e-01
1.258834456212998831e-01
1.586472935144300767e-01
1.617957382133363431e-01
1.617889519053614389e-01
1.630096664029729026e-01
1.532792301244510769e-01
1.671350653629044558e-01
1.617994781699158557e-01
1.628075467226983153e-01
1.701884696786551687e-01
1.617415048703808311e-01
1.642604031122170682e-01
1.582900509427491165e-01
1.643542444043380180e-01
1.642881110735124606e-01
1.617944779580257342e-01
1.617908964347548051e-01
1.412984534694235184e-01
1.617889518477350630e-01
1.617977099659593798e-01
1.617309915009882415e-01
1.617930882718758012e-01
1.617338280343773305e-01
1.617362594481372429e-01
1.629393050862095738e-01
1.617366200979619972e-01
1.561026494270214005e-01
1.617324659229549821e-01
1.617339016717653510e-01
1.701112707589622353e-01
1.617322304793818999e-01
1.626656221448029849e-01
1.617879609922567297e-01
1.626908656046271440e-01
