1.885792830887137450e-01
1.878561208948283379e-01
2.132068652803018882e-01
1.901862081310710662e-01
1.901833403702695713e-01
1.885928268512171990e-01
1.954924261019201914e-01
1.871699306167894650e-01
1.899471204012949388e-01
1.901866854276006713e-01
1.863550772099680508e-01
1.886693291082238433e-01
1.901836555728594058e-01
1.860946169867301048e-01
1.902193517244938348e-01
1.901836159410961458e-01
1.901830901764747783e-01
1.901834881882977779e-01
1.901883555529253755e-01
1.973753220929956587e-01
1.901885120309001476e-01
1.884119307016899059e-01
1.986928427902364958e-01
1.884017605019765174e-01
1.899236400114929502e-01
1.901854467280833794e-01
1.901834876567456978e-01
2.057076162210830506e-01
1.914704532243229618e-01
1.901842496647370984e-01
1.901864640964180120e-01
1.863545374489890272e-01
1.882625722626871667e-01
2.048769399068292030e-01
1.885578658579263600e-01
1.881204595097424048e-01
1.901881536160057173e-01
1.901832367528881462e-01
1.905789513020233750e-01
1.881775791607262216e-01
1.817703487171621890e-01
1.886283075600528603e-01
1.886430082658668572e-01
1.884502161562420508e-01
1.902191803654047220e-01
1.886426783289668063e-01
1.901869789912884190e-01
1.881088976721533301e-01
2.023317249606466084e-01
1.902221891075590032e-01
1.901915319709339691e-01
1.986824562019517126e-01
1.855800159223018053e-01
2.169735142626274260e-01
1.863502117656564427e-01
1.881566815390106895e-01
1.902165992596226429e-01
1.875808014961893866e-01
1.961371112324298005e-01
1.901856312101104229e-01
1.878901428837012610e-01
2.186842767296296453e-01
2.003795345594783783e-01
1.899680790145522880e-01
1.882835045258520745e-01
1.902141257898458671e-01
2.047518975313728229e-01
1.844874067040469523e-01
1.901883327479262920e-01
1.886432468911905525e-01
1.903283341736609624e-01
2.004114358063943668e-01
1.881762471936329895e-01
1.901839509860712429e-01
1.902187778514982663e-01
2.206126847460502527e-01
1.882810280545835213e-01
1.879919684404442737e-01
1.886034433009272093e-01
1.901862102020322465e-01
2.083200625186637234e-01
1.899379599070434299e-01
1.872936144115066315e-01
1.902215085379653781e-01
1.886256203162956779e-01
1.879783762879137232e-01
1.886004489732761025e-01
2.083114332411087344e-01
1.881767763392010462e-01
1.863550379348696828e-01
1.902172975552471612e-01
1.901915633466625677e-01
1.863491299373391252e-01
1.885820019835059425e-01
1.901815969900858827e-01
2.039836243692767226e-01
1.886057870751098597e-01
1.901862888510261751e-01
1.886228550909007651e-01
1.901913790228629830e-01
