1.653537486805068957e-01
1.653537486805068957e-01
1.653537486805068957e-01
1.653537486805068957e-01
1.653537486805068957e-01
1.653537486805068957e-01
1.653537486805068957e-01
1.653537486805068957e-01
1.653537486805068957e-01
1.653537486805068957e-01
1.653537486805068957e-01
1.653537486805068957e-01
1.653537486805068957e-01
1.653537486805068957e-01
1.653537486805068957e-01
1.653537486805068957e-01
1.653537486805068957e-01
1.653537486805068957e-01
1.653537486805068957e-01
1.653537486805068957e-01
2.471031901157689503e-01
1.653537486805068957e-01
1.653537486805068957e-01
1.653537486805068957e-01
2.796607806459474599e-01
1.653537486805068957e-01
1.653537486805068957e-01
1.653537486805068957e-01
1.653537486805068957e-01
1.653537486805068957e-01
1.653537486805068957e-01
1.653537486805068957e-01
1.653537486805068957e-01
1.653537486805068957e-01
1.653537486805068957e-01
1.653537486805068957e-01
2.373985577390838320e-01
1.653537486805068957e-01
1.653537486805068957e-01
2.243562947665473928e-01
1.653537486805068957e-01
1.653537486805068957e-01
1.653537486805068957e-01
1.653537486805068957e-01
1.653537486805068957e-01
1.653537486805068957e-01
1.653537486805068957e-01
1.653537486805068957e-01
1.653537486805068957e-01
2.263506354752177763e-01
1.653537486805068957e-01
1.653537486805068957e-01
2.688296918985944028e-01
1.653537486805068957e-01
1.653537486805068957e-01
1.653537486805068957e-01
1.653537486805068957e-01
1.653537486805068957e-01
2.663261114024857990e-01
1.653537486805068957e-01
1.653537486805068957e-01
1.653537486805068957e-01
1.653537486805068957e-01
1.653537486805068957e-01
1.653537486805068957e-01
1.653537486805068957e-01
1.653537486805068957e-01
1.653537486805068957e-01
2.594501171223271285e-01
1.653537486805068957e-01
1.653537486805068957e-01
2.358038580271220874e-01
1.653537486805068957e-01
1.653537486805068957e-01
1.653537486805068957e-01
1.653537486805068957e-01
1.653537486805068957e-01
1.653537486805068957e-01
1.653537486805068957e-01
1.653537486805068957e-01
1.653537486805068957e-01
1.653537486805068957e-01
1.653537486805068957e-01
2.409245399349889682e-01
1.653537486805068957e-01
1.653537486805068957e-01
2.801099696876656053e-01
1.653537486805068957e-01
1.653537486805068957e-01
1.653537486805068957e-01
2.563364482781033682e-01
2.105406310424756122e-01
1.653537486805068957e-01
1.653537486805068957e-01
1.653537486805068957e-01
1.653537486805068957e-01
1.653537486805068957e-01
1.653537486805068957e-01
1.653537486805068957e-01
1.653537486805068957e-01
