3.716802387273025476e-01
3.809231770093652325e-01
3.304590518018030720e-01
3.735270267795611221e-01
3.712878498823879991e-01
3.678814960710442006e-01
3.811653724962651424e-01
3.594794417232036743e-01
3.641346829602617463e-01
3.328282356295769184e-01
3.700425771028684196e-01
3.754915128032898508e-01
3.619374772353295411e-01
3.865399906079737269e-01
3.597930428508591683e-01
3.730635219431684968e-01
3.858431046889027050e-01
3.557138250856631823e-01
3.783457284908383067e-01
3.748206503940471612e-01
3.758852491198613754e-01
3.674909532796091227e-01
3.612086570044450995e-01
3.596700372043513116e-01
3.877914158564474967e-01
3.787196084344860436e-01
3.756696751697677916e-01
3.815991862923977518e-01
3.881189549388465720e-01
3.696608531322714830e-01
3.746513705853242171e-01
3.738675204283545828e-01
3.739042263987312209e-01
3.288255097355635703e-01
3.630008059736710702e-01
3.730406927300948805e-01
3.820337465095008378e-01
3.661667182633636108e-01
3.697719369221533214e-01
3.430605198595186867e-01
3.682777492902019612e-01
3.803785221825853879e-01
3.766346785894353899e-01
3.551945142590677285e-01
3.528995198797730826e-01
3.667794445399341074e-01
3.693238692047318694e-01
3.304104870727938570e-01
3.746483552163481501e-01
3.745953914176451405e-01
3.820577325386915191e-01
3.617295812276211664e-01
3.873008552829798612e-01
3.709248877346227879e-01
3.700055824656173775e-01
3.485741521636678830e-01
3.753861011766266853e-01
3.426671807906966905e-01
3.694353780434869727e-01
3.511111737602621297e-01
3.478645718354904104e-01
3.679890245574966023e-01
3.546639628133981259e-01
3.723611421930115295e-01
3.224452262582960804e-01
3.743509757898959567e-01
3.733331392122905545e-01
3.685740746971084558e-01
3.762680891378638592e-01
3.592466254434591999e-01
3.671090116479133192e-01
3.295873386347814571e-01
3.751857753841627008e-01
3.682201026949192824e-01
3.471528239544181549e-01
3.623665198715891878e-01
3.525193666029582396e-01
3.863891529402518343e-01
3.549980965448520931e-01
3.965586166438668236e-01
4.056966905359103981e-01
3.714114868032442063e-01
3.703858937448917810e-01
3.800634793796894839e-01
3.488151706205487312e-01
3.377215724389568963e-01
3.606434916093840259e-01
3.758328618893532203e-01
3.763454499933313047e-01
3.815050135100708228e-01
3.503724372611558002e-01
3.748742067898908625e-01
3.706748041353356005e-01
3.622209147868150625e-01
3.882031507957999228e-01
3.723448237946825334e-01
3.410381296848344346e-01
3.866585862570376397e-01
3.785316936113354291e-01
3.759089066060579687e-01
