2.850043347409897954e-01
2.921882028120599828e-01
2.608079467685954778e-01
2.913253527992290537e-01
2.895867914446624836e-01
2.710956946233673004e-01
3.190108778153107894e-01
2.894995469658827036e-01
2.912977786184666740e-01
2.979116311098179981e-01
2.612471841582721388e-01
2.906352007439261254e-01
2.923047532064870779e-01
2.925192508652087464e-01
2.872735198507423982e-01
2.905005311984696914e-01
2.914334677337026003e-01
2.785079080846055155e-01
3.056192345487069306e-01
2.908803939187851184e-01
2.889336731933933589e-01
2.930741924862002579e-01
2.654175443590318095e-01
2.853765423767503084e-01
2.899244517394915510e-01
2.922657448851904705e-01
2.931113234131484946e-01
2.848906920197104009e-01
3.079064562651951387e-01
2.922566925363180856e-01
2.913322428048864543e-01
3.031938394436048956e-01
2.922834826637885630e-01
2.904954916847296009e-01
2.919810504627741721e-01
2.922019941308828805e-01
2.923890002692605683e-01
3.041401605710831735e-01
2.923707297748610601e-01
2.887573584963695206e-01
2.857702505756098410e-01
2.932103147894525308e-01
2.999285720844254155e-01
2.790620552172008995e-01
2.921675661414210867e-01
2.889034062984355278e-01
2.878509276783404180e-01
3.144571471654705186e-01
2.854790896997956295e-01
2.884443835082282082e-01
2.932761004559544249e-01
2.855777435119506991e-01
2.569639238822273852e-01
2.918715326419084044e-01
2.668704825547045245e-01
2.888866211767268100e-01
2.929717055815556637e-01
3.079263756779795358e-01
2.903989687333025649e-01
2.994577500389033475e-01
2.931861139232131985e-01
2.355202445580167059e-01
2.898233138759086502e-01
3.052385786974102788e-01
3.029407080089012716e-01
2.904646930623076551e-01
3.041054244956825081e-01
2.841821980129737857e-01
3.010738850801145672e-01
2.975895066950452472e-01
2.923378948209118811e-01
2.607840378502040424e-01
2.818214016172113645e-01
2.908909920874478416e-01
2.911378460651009026e-01
2.566167058087388542e-01
3.053517822652110358e-01
2.922174137469245037e-01
3.029065094191500940e-01
2.923810563516555661e-01
2.498721997899629732e-01
2.909815992836796705e-01
2.902095106589785978e-01
2.907731267527072228e-01
2.922505927164417705e-01
2.925632914578615851e-01
2.981739586585578916e-01
2.487082145852632376e-01
3.031276197669386940e-01
2.897902426707417711e-01
3.007498461934079992e-01
2.921497724888739156e-01
2.921702493782065146e-01
3.033849074391339329e-01
2.912975812090513039e-01
2.912788214885854154e-01
2.911014649954693501e-01
2.966956497915334001e-01
2.910993087176662608e-01
2.920362012247065264e-01
