1.692926958448627284e-01
1.699516441766014963e-01
1.699918899857595644e-01
1.699883866872510252e-01
1.695825429985484967e-01
1.699745195310649881e-01
1.695926950379996190e-01
1.695234147133243552e-01
1.699767897318930909e-01
1.699888459027722454e-01
1.697806827323391221e-01
1.699127451821523527e-01
1.699767926400755080e-01
1.699199233909910178e-01
1.698984845041150438e-01
1.698363367872141871e-01
1.698573581647842279e-01
1.696479435410314096e-01
1.698989287903253376e-01
1.696258178899204272e-01
1.696135409117325576e-01
1.694406836932829397e-01
1.693292122219353935e-01
1.698027972964740451e-01
1.699919872115858155e-01
1.694794153687626814e-01
1.694339030235305910e-01
1.683769033899130130e-01
1.706252102830774497e-01
1.708604539474567752e-01
1.695749406878369336e-01
1.701888950493971042e-01
1.700200778244830291e-01
1.683535942263691965e-01
1.700308259990990500e-01
1.699744471283861358e-01
1.699888487097075962e-01
1.694036522482008367e-01
1.694765657161577954e-01
1.707819658472765900e-01
1.694793829085725623e-01
1.708537431465475265e-01
1.693475118931802859e-01
1.704423088694507205e-01
1.695720756435206422e-01
1.695412461245727753e-01
1.695368861355764645e-01
1.695368139652382866e-01
1.740209476862616955e-01
1.698747112929106795e-01
1.703880586653771234e-01
1.701088945697505350e-01
1.699697062876163178e-01
1.699618466806757655e-01
1.699181258661756622e-01
1.695325463178242176e-01
1.698227562996062479e-01
1.696035692706004683e-01
1.695649856334928984e-01
1.700608205081512170e-01
1.697856356174883841e-01
1.698577024114892309e-01
1.683784118896099191e-01
1.700096223814122620e-01
1.695449391824984109e-01
1.697375440516045442e-01
1.693161998858376538e-01
1.697951426320484514e-01
1.698023474406060440e-01
1.709476489117927600e-01
1.698431663378736634e-01
1.706165825953157023e-01
1.693911175313808082e-01
1.695950282709381696e-01
1.695126520786560398e-01
1.695566794975018887e-01
1.693338129614746224e-01
1.697124629640381077e-01
1.697903844101429083e-01
1.702351189039428003e-01
1.694334521235933699e-01
1.695307837309009691e-01
1.701082818515568529e-01
1.698640607223604049e-01
1.695753474168992525e-01
1.699806582316409631e-01
1.693399897754209737e-01
1.699217292539492996e-01
1.700284029096816585e-01
1.693312526884488134e-01
1.696255029352602972e-01
1.699083643851338754e-01
1.696047467896658056e-01
1.697738800785363045e-01
1.693541911761199115e-01
1.683537260546771330e-01
1.699806553230721884e-01
1.704948449003446387e-01
1.694787535859985650e-01
1.709331628374500534e-01
