2.700854642001313533e-01
2.616779466060754622e-01
2.768333493215311414e-01
2.601438125880463081e-01
2.554176290741584920e-01
2.637966618176881273e-01
2.611268896549379659e-01
2.680831002745566738e-01
2.697116229365615347e-01
2.643818200282853637e-01
2.698488415363772264e-01
2.644521337882585477e-01
2.642630845276996987e-01
2.613614413485347288e-01
2.618701283090556498e-01
2.642045791120321563e-01
2.589830890464815960e-01
2.708404706150366881e-01
2.582271576019764536e-01
2.619658573707928095e-01
2.624975118410031172e-01
2.672445165876450868e-01
2.742213527921681937e-01
2.716289499747436831e-01
2.628017921105227361e-01
2.578550479220839131e-01
2.582807563955338837e-01
2.744537800525322924e-01
2.598847506793177664e-01
2.669051769665855001e-01
2.627380656463504938e-01
2.621989469400443085e-01
2.641509037348615530e-01
2.603352512962612275e-01
2.744525812926283947e-01
2.628945248550068059e-01
2.623050814511219131e-01
2.755298197896638435e-01
2.717817897720727904e-01
2.765997236109157265e-01
2.589842730659527859e-01
2.538679359757348153e-01
2.626703415786837970e-01
2.626703548240966746e-01
2.594823283150262117e-01
2.722915939836629273e-01
2.732190386530296000e-01
2.608035177715339881e-01
2.700990254254426182e-01
2.616833442041986979e-01
2.691165776606891935e-01
2.759700737861108255e-01
2.697500881000182149e-01
2.609833382787218881e-01
2.650628921252986547e-01
2.776719439197237183e-01
2.667507239482380110e-01
2.639933990837515232e-01
2.708491512394350931e-01
2.571616512268607435e-01
2.715909284771516052e-01
2.777240746657886339e-01
2.658794666423193176e-01
2.769692074259668124e-01
2.734172688724794131e-01
2.609398185593405639e-01
2.496429131601667628e-01
2.813950855942080054e-01
2.666558841093812915e-01
2.644053389225999862e-01
2.654947659787956216e-01
2.851606593501671560e-01
2.615907016214507608e-01
2.606653493729708670e-01
2.628486383614186961e-01
2.681871354457350809e-01
2.662211161600413489e-01
2.524641878286625896e-01
2.697776806265529959e-01
2.619049588865600686e-01
2.605516807551181424e-01
2.681283035379465884e-01
2.646723897813059168e-01
2.622243427243256542e-01
2.604837479312510640e-01
2.780342038328625365e-01
2.677835977100143650e-01
2.681093456173850864e-01
2.603287370945177037e-01
2.667695445000383692e-01
2.544837167622333585e-01
2.675519195683530027e-01
2.677936907112482001e-01
2.635462240581721294e-01
2.582385520553243663e-01
2.650687706058106330e-01
2.659046783876898301e-01
2.624581609786334480e-01
2.662172034348922467e-01
2.722809018808277637e-01
