3.194778464548760355e-01
3.255658509490630403e-01
3.102953373171800089e-01
3.249004732102828141e-01
3.219862858652298154e-01
3.093847310514488136e-01
3.492364503624384997e-01
3.224567838157254562e-01
3.251784518555588255e-01
3.302862047926564126e-01
3.030159398106850865e-01
3.245404924286535153e-01
3.248399138207515024e-01
3.253475713245176926e-01
3.229617791412925931e-01
3.236716112084682129e-01
3.250303494075515998e-01
3.161099569839778134e-01
3.359058737821331020e-01
3.246444091114672470e-01
3.237673727409461910e-01
3.258363323501570208e-01
3.026183559635293729e-01
3.194389691784080276e-01
3.241283173834545450e-01
3.253005447214973866e-01
3.259083962085634334e-01
3.182349308100766994e-01
3.384408611752896534e-01
3.246019551888678079e-01
3.235016675911295270e-01
3.342170739801433865e-01
3.256213550443567972e-01
3.247563871135393243e-01
3.239996577095142771e-01
3.251943616182260688e-01
3.254298468797869326e-01
3.346218260297111335e-01
3.250712454149006225e-01
3.223884161188008690e-01
3.314663838590902745e-01
3.258852948926387882e-01
3.320881276731140197e-01
3.132354352266671360e-01
3.256337869691018350e-01
3.216368427535113428e-01
3.226072835862405785e-01
3.451859285234137320e-01
3.250822565615937298e-01
3.224663129199811240e-01
3.261246748060989131e-01
3.199663605619753604e-01
3.070632283864263012e-01
3.237019893327070519e-01
3.126546504171108798e-01
3.223882228429543750e-01
3.247448696625392373e-01
3.385975369251486011e-01
3.235500984847462513e-01
3.311088122707202541e-01
3.258536342482050152e-01
3.000322812423821817e-01
3.230048478207535045e-01
3.361073339673010807e-01
3.343307473061677415e-01
3.238717362460661886e-01
3.350657212937673823e-01
3.296804514142788189e-01
3.329492940566172732e-01
3.295580965279073515e-01
3.255146719465229488e-01
3.191551635249236796e-01
3.175485601308826178e-01
3.236875515468470299e-01
3.238571406658301566e-01
2.986615674877034499e-01
3.355533372937222203e-01
3.252644776887120281e-01
3.351107426796270383e-01
3.265623623746715665e-01
3.005795960044164161e-01
3.241018352849563966e-01
3.246725871797685459e-01
3.235649053086914750e-01
3.253721748289545856e-01
3.254759742688072555e-01
3.305190477076155320e-01
3.014161129748952339e-01
3.352406614292721132e-01
3.242916290316120720e-01
3.332747574585618877e-01
3.244098898432667966e-01
3.245503685594485210e-01
3.351315589761478808e-01
3.247446671372683502e-01
3.241523301833086346e-01
3.250501311787845626e-01
3.283151133792323595e-01
3.246164230298356768e-01
3.253795007939276895e-01
