5.526020537457741050e-02
5.844143947680341400e-02
6.060809710743488704e-02
5.633106810113748530e-02
5.625346763587460441e-02
6.140565379547253955e-02
5.694474464916335354e-02
6.000800212666322631e-02
6.140565379547253955e-02
5.454799475780909568e-02
5.542627263542113797e-02
6.260027637559381630e-02
6.140565379547253955e-02
6.087410721343455844e-02
6.336371423363409972e-02
6.140565379547253955e-02
5.617472565213348784e-02
5.545133241496117554e-02
5.670923143166034519e-02
6.222247845806046923e-02
5.844202233439320382e-02
6.140565379547253955e-02
6.516729958255214339e-02
5.793688198915574600e-02
5.718931754886867613e-02
5.866192621012784880e-02
5.703735015021105248e-02
5.492327756972334440e-02
5.441666435842869992e-02
5.498663001606872436e-02
5.798749806737142631e-02
5.787410932786221651e-02
5.882315991193301508e-02
6.154130309195428999e-02
5.667497511306929248e-02
6.140565379547253955e-02
5.730089320345990028e-02
5.526337928317122394e-02
5.741033835236562799e-02
6.054338533962619340e-02
6.140565379547253955e-02
6.140565379547253955e-02
5.516224265992155512e-02
6.140565379547253955e-02
5.757800007764458938e-02
6.140565379547253955e-02
6.140565379547253955e-02
6.251246273503184570e-02
5.388700079678539895e-02
5.645694518466393835e-02
5.579585458913578766e-02
6.140565379547253955e-02
5.989607654685789873e-02
6.138644463937831253e-02
6.140565379547253955e-02
6.140565379547253955e-02
5.911736480509582892e-02
6.140565379547253955e-02
5.720160819387580531e-02
5.635707260279154002e-02
6.140565379547253955e-02
5.843275196332235744e-02
5.907025450817730144e-02
5.637398343977743920e-02
6.140565379547253955e-02
5.629792660748800942e-02
5.745157766969499064e-02
6.140565379547253955e-02
6.140565379547253955e-02
5.486957165163611899e-02
6.140565379547253955e-02
5.349953299698684273e-02
5.697548086393543904e-02
5.968331717680185056e-02
5.438506973648495058e-02
5.502047698306311574e-02
5.569852315663702258e-02
5.410413087022688389e-02
6.140565379547253955e-02
5.743126317540474951e-02
5.728503518546080447e-02
6.140565379547253955e-02
5.762663351693987634e-02
5.921045449060576699e-02
5.184865504698636662e-02
5.635737835625369285e-02
5.749087461932397142e-02
6.140565379547253955e-02
5.842472376994164995e-02
5.809292138540980699e-02
5.784524813426846629e-02
5.919421763811582443e-02
5.692352586280370608e-02
5.517071809992539488e-02
6.140565379547253955e-02
5.323524427175499452e-02
5.848452824590592847e-02
5.758223829731968363e-02
5.776632249225536336e-02
5.799115136406225030e-02
