2.321425029788826977e-01
2.355355251283814677e-01
2.371565347111836419e-01
2.421858253496300406e-01
2.485442137681895813e-01
2.521457447097517068e-01
2.392165482898413187e-01
2.348576604459168826e-01
2.495894822717067418e-01
2.528041768307128789e-01
2.330168362933689452e-01
2.432556909724780947e-01
2.475056682885318216e-01
2.445252517714636697e-01
2.464496668288205239e-01
2.525108078262792155e-01
2.337930566131257437e-01
2.425952289107048410e-01
2.401581787728664930e-01
2.454246703556760834e-01
2.422981916294431881e-01
2.520541094911236679e-01
2.445779348908376227e-01
2.481825883606214589e-01
2.232969598470391503e-01
2.370735035449389183e-01
2.507303085127612352e-01
2.494397845477014375e-01
2.404893577671793070e-01
2.311515307878050651e-01
2.334985004965250133e-01
2.365529989410468381e-01
2.331017734725763790e-01
2.389897030345227436e-01
2.354577476195496566e-01
2.528981760144670132e-01
2.313725744847089372e-01
2.408964140883692873e-01
2.337734851332126940e-01
2.414560014675355415e-01
2.398823584744484150e-01
2.391878949261606879e-01
2.423422598803150196e-01
2.514141762542343450e-01
2.365941740469115206e-01
2.405837271176885783e-01
2.506424459771391944e-01
2.456716397913536187e-01
2.490494853683667409e-01
2.333222143292716932e-01
2.341255982633676236e-01
2.364519057034061289e-01
2.388287873249484994e-01
2.368466984516773011e-01
2.457609909566657591e-01
2.506078359995713711e-01
2.456030516896411109e-01
2.496050904442510543e-01
2.280467513917174005e-01
2.359114852138285146e-01
2.460660880643395776e-01
2.396748113565769778e-01
2.433425432617691564e-01
2.521363338103297380e-01
2.364519057034061289e-01
2.524133001920957353e-01
2.503958314549720732e-01
2.525860987089974530e-01
2.523281575411168154e-01
2.491111697676662851e-01
2.445929060498257535e-01
2.457410501515736867e-01
2.426189747053156265e-01
2.448739965160724452e-01
2.355456359762120033e-01
2.386109308680284258e-01
2.340053336180448196e-01
2.408541541444172429e-01
2.467573019849939875e-01
2.446858991844343689e-01
2.348706353620626242e-01
2.516104322103799862e-01
2.373567730476966176e-01
2.294744859156453431e-01
2.339893338728913641e-01
2.310213987927147994e-01
2.383391824648276036e-01
2.528872730052986739e-01
2.324016465976372070e-01
2.456704812768030211e-01
2.455087853089591154e-01
2.522433690223299663e-01
2.336854221387436592e-01
2.407679652993131025e-01
2.468873936956371695e-01
2.359079135383752301e-01
2.343296934908525586e-01
2.267186050210378834e-01
2.363980456403255714e-01
2.414108827749739949e-01
