1.074466940521430908e-01
1.137051910342408434e-01
1.074202371212617524e-01
1.063202805408492435e-01
1.156518378783737977e-01
1.046477354489448314e-01
1.044411125807092056e-01
1.066210432964718041e-01
1.243535768724645107e-01
1.228124564798181717e-01
1.043560979402569644e-01
1.073100362185185758e-01
1.064543135536680923e-01
1.090464961283239137e-01
1.208563978082917711e-01
1.062658169872778141e-01
1.067423799943613139e-01
1.262831873438453878e-01
1.070549692736856018e-01
1.310119571739802868e-01
1.058722360489151998e-01
1.069021328146576300e-01
1.232643899984853242e-01
1.154746635838679175e-01
1.059426142296199663e-01
1.200291132960368823e-01
1.102755211590172035e-01
1.217677882879986961e-01
1.050216800086467284e-01
1.083693301943124965e-01
1.064641660384350041e-01
1.106795757715548639e-01
1.088824217640410874e-01
1.120401146908912154e-01
1.154434757238718690e-01
1.048943982799718511e-01
1.240466275599824836e-01
1.063023702225270734e-01
1.117987005818514984e-01
1.229898549057139162e-01
1.065297918353017154e-01
1.124095463536655959e-01
1.326722568348241427e-01
1.041196785789458568e-01
1.059438844791764367e-01
1.244052778553131067e-01
1.081361934059182489e-01
1.273232907514721679e-01
1.106416782112414343e-01
1.064501919149708348e-01
1.054598157560257543e-01
1.116003200098157067e-01
1.080940002916182946e-01
1.125504345297384939e-01
1.273796637623366146e-01
1.076893398061625762e-01
1.064975747271816181e-01
1.062265717776633006e-01
1.121400494780932511e-01
1.060480926143243380e-01
1.125872725498655441e-01
1.200618128291356251e-01
1.147550132754910773e-01
1.132479185118433901e-01
1.169480057278064894e-01
1.301053441239808095e-01
1.121820205020363365e-01
1.050077684422598273e-01
1.069689308802833499e-01
1.110135973605314574e-01
1.059074611630076435e-01
1.236849001344265120e-01
1.087410546945191542e-01
1.066797046721175563e-01
1.215316221525898494e-01
1.047171691955981060e-01
1.074381920430964726e-01
1.078000218658247827e-01
1.064098631313419863e-01
1.080428432369375941e-01
1.062596421400570368e-01
1.091258893070323199e-01
1.224058039365157058e-01
1.194435715113871810e-01
1.069415863924932791e-01
1.058758913382433497e-01
1.080297704657909724e-01
1.057132593800204495e-01
1.219762578676761577e-01
1.228751014779224521e-01
1.064188259503256878e-01
1.064979473797139919e-01
1.191299208668342852e-01
1.063085223200974233e-01
1.066874449355585536e-01
1.065178255565455145e-01
1.203992696646788985e-01
1.282984746502036089e-01
1.119578930306288633e-01
1.232014384300913201e-01
