1.230019148300027787e-01
1.278809766614991406e-01
1.212081291099463276e-01
1.226337068200180486e-01
1.262490750845230991e-01
1.213021652985105392e-01
1.221280392880457616e-01
1.222000806159568853e-01
1.262837696510234198e-01
1.236616550369267070e-01
1.240482894428930338e-01
1.217052070904217909e-01
1.262440911372949004e-01
1.224086454139148572e-01
1.228277331624819391e-01
1.262894817581514950e-01
1.221993044598871925e-01
1.222605898383532785e-01
1.221145806599498451e-01
1.334237316226125625e-01
1.222274098736386705e-01
1.252043900414652466e-01
1.262242237886122553e-01
1.339659515823349856e-01
1.213776363806824687e-01
1.233841178398188410e-01
1.226929646410524072e-01
1.240700853102797013e-01
1.218498890106122917e-01
1.240676808413189586e-01
1.262549844135463784e-01
1.242329524618689257e-01
1.244500319034492486e-01
1.243175082422922351e-01
1.262466940124556403e-01
1.247726201277873648e-01
1.262437837111317351e-01
1.262846156156152144e-01
1.227632992373432347e-01
1.261979382111977355e-01
1.249057417213766397e-01
1.249939352892174976e-01
1.323797135729707364e-01
1.226357618703983743e-01
1.226021697649397751e-01
1.221925660371336042e-01
1.241428374501548221e-01
1.262551604977092123e-01
1.219912216180694953e-01
1.262708790054659913e-01
1.221058644349485300e-01
1.279592189204518116e-01
1.246366479376581626e-01
1.220362797079949241e-01
1.236199845101795119e-01
1.262314696795115987e-01
1.212854140043811008e-01
1.255061421754972428e-01
1.248510250546863293e-01
1.222510657844966125e-01
1.264630833167097734e-01
1.351349832931875161e-01
1.296260552946738309e-01
1.230640755090032512e-01
1.231154963037098121e-01
1.216888669866884320e-01
1.235082553408513029e-01
1.230554448210940399e-01
1.262645927367664345e-01
1.251951114918997687e-01
1.220733753618506584e-01
1.243065429699808100e-01
1.225152273522168989e-01
1.262542743083730490e-01
1.233521233921571481e-01
1.218558255135407109e-01
1.262704926739308953e-01
1.217418559877550960e-01
1.242147278458371612e-01
1.217089169353679501e-01
1.261737132136993844e-01
1.233869732295028165e-01
1.222425561241097802e-01
1.299382797570821924e-01
1.262780962176059951e-01
1.262806879832576723e-01
1.262893199165671110e-01
1.220851272171584595e-01
1.262707269968202650e-01
1.221952842654864396e-01
1.220427141000950816e-01
1.262694973856056391e-01
1.258576651366928312e-01
1.262860634657294590e-01
1.214288190940463336e-01
1.219965098349772847e-01
1.307397931813962799e-01
1.304987951510316602e-01
1.230668309476321276e-01
1.213014468694415121e-01
