2.240688384050844029e-01
2.387505391825856804e-01
1.840440061508833158e-01
2.326799510355687106e-01
2.369882686573952235e-01
2.152670031769808034e-01
2.631500970409046958e-01
2.072998261449508495e-01
2.317500935826835862e-01
2.354632566924407255e-01
2.042817889870585379e-01
2.384200120047882954e-01
2.377960425476237927e-01
2.082598682469258000e-01
2.323338500103301063e-01
2.346337729480912349e-01
2.377987651765472721e-01
2.263749594568061352e-01
2.343886479574631421e-01
1.998660839642722176e-01
2.466827596535500211e-01
2.353998202369130543e-01
2.042417910484712884e-01
2.001469183179636346e-01
2.304511478911313582e-01
2.354037535958355409e-01
2.398901150794464088e-01
1.806360198296879105e-01
2.412809624114959361e-01
2.385654959256579555e-01
2.307078916361159915e-01
2.102228568744095027e-01
2.254063444069648869e-01
2.038775541839687455e-01
2.379795931166007739e-01
2.349909760381487800e-01
2.360406887242127438e-01
2.016363786818846371e-01
2.075718901122337312e-01
2.258848425494427437e-01
2.256784751293816615e-01
2.345735589158351730e-01
2.164051974467472717e-01
2.144351176334194364e-01
2.381547378314643193e-01
2.044859873099948988e-01
2.319778693580362150e-01
2.328008515291775105e-01
2.279969938381398720e-01
2.386263518336688427e-01
2.355137283634173018e-01
2.044327455360391843e-01
2.152710762173723480e-01
2.076266801267196982e-01
1.804659735291057887e-01
2.031608325165608908e-01
2.320242343770417548e-01
2.402636603597719245e-01
1.967013696883663787e-01
2.414344367194334595e-01
2.339062750334566509e-01
1.831973510242540237e-01
1.751560799151976600e-01
2.130409475394307861e-01
2.318029265311424836e-01
2.370466031869065127e-01
2.030161066736397291e-01
1.965543039629065458e-01
2.199140450892725640e-01
2.250329209367914196e-01
2.350240960988076444e-01
1.872714303920442191e-01
2.264679361412836600e-01
2.309027898207921814e-01
2.290198204802708914e-01
2.021332587832511962e-01
2.360103096066141770e-01
2.360271264644691336e-01
1.976786937679141098e-01
2.565297973414784605e-01
2.074622424411892430e-01
2.301054173703685202e-01
2.325090916878000680e-01
2.013806154399887249e-01
2.325896340844074150e-01
2.408481059958912374e-01
2.352996365488470021e-01
2.277495863946706334e-01
2.216760260620628253e-01
2.101471040515628108e-01
2.367616456537033620e-01
2.313417619551162152e-01
2.079486987452023872e-01
2.248999849756514180e-01
2.407004874367705827e-01
1.978816433216089021e-01
2.332347709762881693e-01
2.284706249229460917e-01
2.396379352475336566e-01
2.341148795189107734e-01
