2.444248089462195961e-01
2.441673590128909943e-01
2.311196500299331491e-01
2.401275559372739454e-01
2.438203783161813076e-01
2.424172464142780870e-01
2.407444493719584633e-01
2.482457670367090863e-01
2.429501844399085675e-01
2.384582142329628451e-01
2.395461315825633264e-01
2.452057109690308212e-01
2.449041891193005638e-01
2.413502348899483063e-01
2.432369472940975053e-01
2.442620247653098653e-01
2.384728956427654145e-01
2.384358588754193486e-01
2.382363958720839503e-01
2.449820676097537175e-01
2.426257839746104872e-01
2.429539557315010812e-01
2.431452235536719630e-01
2.475530235993705919e-01
2.407445084260533275e-01
2.438610239179335448e-01
2.417919368972498984e-01
2.174578679775352741e-01
2.408821168735240936e-01
2.399170262385863228e-01
2.447642790674335878e-01
2.443079108406318589e-01
2.654575899234866698e-01
2.063179265458165434e-01
2.419009240220850732e-01
2.367154545807273192e-01
2.437617241568068582e-01
2.465232821745669267e-01
2.445422813772455406e-01
2.474523630742346270e-01
2.347251162305468153e-01
2.442107240050327144e-01
2.465415684778532734e-01
2.438118666437395221e-01
2.417805152989597750e-01
2.402523430899145551e-01
2.474529466606743000e-01
2.429524719138615174e-01
2.272774556474339014e-01
2.442106322203142776e-01
2.448051263529535948e-01
2.437497738824320193e-01
2.437164815399216478e-01
2.135360415506502296e-01
2.473229955394212198e-01
2.447749050968811291e-01
2.442621230033507340e-01
2.422072501870055905e-01
2.654575920306284642e-01
2.410914889038113240e-01
2.459591218576207827e-01
2.322221215586514897e-01
2.056275068343843826e-01
2.382364000025058437e-01
2.451271696783332843e-01
2.442607804489213552e-01
2.062292355664403221e-01
2.428198828795437580e-01
2.442620695051031798e-01
2.447630016088333527e-01
2.445953300813146214e-01
2.421238176322985380e-01
2.473504799732392789e-01
2.442621227465350819e-01
2.389091117045562540e-01
2.436262520451891178e-01
2.457026471376110022e-01
2.460182244875195601e-01
2.464633271173035378e-01
2.463041248707636688e-01
2.488619470738445416e-01
2.419443505571453323e-01
2.381963210111833207e-01
2.652376704315822509e-01
2.440944703980701125e-01
2.438521391525445281e-01
2.449029818832448024e-01
2.426543835675319394e-01
2.437187045412207154e-01
2.402160409223270121e-01
2.445420261856719180e-01
2.433998277925839282e-01
2.654227039350684492e-01
2.449042752755170860e-01
2.402992824055644738e-01
2.437148352218255210e-01
2.448062616643413847e-01
2.444034160836216496e-01
2.400941452641700558e-01
2.407430437827081937e-01
