1.309517672535988608e-01
1.411406951773879759e-01
1.189906388839777757e-01
1.600176360904154438e-01
1.349815464159117018e-01
1.576658186520337734e-01
1.378238460626436956e-01
1.427386860190675011e-01
1.436595285850953141e-01
1.341304445883744756e-01
1.376677097366541536e-01
1.238961880737989157e-01
1.514801466735881952e-01
1.445339021090981668e-01
1.352300938978109046e-01
1.554126072060771635e-01
1.354638616393979422e-01
1.354032525988677627e-01
1.383067006294786960e-01
1.283536019400008943e-01
1.554599889143510050e-01
1.561724872244510953e-01
1.357992740991025571e-01
1.313194752922780262e-01
1.575438695126905042e-01
1.518028271504100746e-01
1.361300227436863797e-01
1.435351919776391427e-01
1.297981224867370553e-01
1.416729247450257689e-01
1.475964346560183771e-01
1.186257108576776187e-01
1.300589532838664075e-01
1.309259541625473477e-01
1.275917475691335512e-01
1.508892119938710086e-01
1.348274781761399366e-01
1.430660777485058544e-01
1.440555309155330255e-01
1.101827076270725791e-01
1.701602167930991172e-01
1.303679565161150744e-01
1.277702903403693802e-01
1.445927509575401226e-01
1.306819194632941605e-01
1.301244584445900021e-01
1.400210791699126045e-01
1.274697079293863888e-01
1.497794240573241120e-01
1.554048061680181336e-01
1.362998050396612981e-01
1.577378830982990032e-01
1.445213389708542850e-01
1.498383503610526690e-01
1.288824296199814201e-01
1.366268987024041870e-01
1.486255809481647205e-01
1.277324167669301180e-01
1.424132701422422265e-01
1.623296434788616960e-01
1.161757484066552881e-01
1.171105140331469008e-01
1.235457237288302978e-01
1.416499937207964244e-01
1.247820646507903780e-01
1.266756891142409580e-01
1.335912847715568230e-01
1.375928462448360312e-01
1.611882752608826963e-01
1.250026685169273177e-01
1.332621015125343700e-01
1.181717190454767419e-01
1.304777795954737141e-01
1.489955283973181388e-01
1.507452291135553679e-01
1.426861289105227915e-01
1.330112749654040194e-01
1.227571387435520411e-01
1.402592635284676537e-01
1.487565627304595628e-01
1.618550593878585464e-01
1.391088219830307060e-01
1.392023584420032378e-01
1.426224435601408103e-01
1.437074351136712058e-01
1.286185048554552846e-01
1.371492454700795616e-01
1.372259922707208812e-01
1.430889241225144215e-01
1.375912566941300819e-01
1.483840886318960883e-01
1.628034347889421030e-01
1.222335555694723519e-01
1.319845183121635124e-01
1.658855485955845477e-01
1.333690717749983490e-01
1.285533971548180054e-01
1.310235312183389289e-01
1.208331805133056464e-01
1.582841427170906257e-01
