2.548188244061016516e-01
2.548188244061016516e-01
2.548188244061016516e-01
2.548188244061016516e-01
2.548188244061016516e-01
2.548188244061016516e-01
2.548188244061016516e-01
2.548188244061016516e-01
2.548188244061016516e-01
2.548188244061016516e-01
2.548188244061016516e-01
2.548188244061016516e-01
2.548188244061016516e-01
2.548188244061016516e-01
2.548188244061016516e-01
2.548188244061016516e-01
2.548188244061016516e-01
2.548188244061016516e-01
2.548188244061016516e-01
2.548188244061016516e-01
2.548188244061016516e-01
2.548188244061016516e-01
2.548188244061016516e-01
1.902906999344727013e-01
2.548188244061016516e-01
2.548188244061016516e-01
2.548188244061016516e-01
2.548188244061016516e-01
2.548188244061016516e-01
2.548188244061016516e-01
2.548188244061016516e-01
2.548188244061016516e-01
2.548188244061016516e-01
2.548188244061016516e-01
2.548188244061016516e-01
2.548188244061016516e-01
2.548188244061016516e-01
2.548188244061016516e-01
2.548188244061016516e-01
2.548188244061016516e-01
2.548188244061016516e-01
2.548188244061016516e-01
2.548188244061016516e-01
2.548188244061016516e-01
2.548188244061016516e-01
2.548188244061016516e-01
2.548188244061016516e-01
2.548188244061016516e-01
2.548188244061016516e-01
2.548188244061016516e-01
2.548188244061016516e-01
2.548188244061016516e-01
2.548188244061016516e-01
2.548188244061016516e-01
2.548188244061016516e-01
2.548188244061016516e-01
2.548188244061016516e-01
2.450560352274535614e-01
2.548188244061016516e-01
2.465221985958901962e-01
2.548188244061016516e-01
2.548188244061016516e-01
2.548188244061016516e-01
2.548188244061016516e-01
1.601938505019194769e-01
2.548188244061016516e-01
2.548188244061016516e-01
2.548188244061016516e-01
2.548188244061016516e-01
2.548188244061016516e-01
2.548188244061016516e-01
2.548188244061016516e-01
2.548188244061016516e-01
2.548188244061016516e-01
2.548188244061016516e-01
2.548188244061016516e-01
2.548188244061016516e-01
2.548188244061016516e-01
1.566477679193384043e-01
2.548188244061016516e-01
2.548188244061016516e-01
2.548188244061016516e-01
1.723046425807922000e-01
2.548188244061016516e-01
2.548188244061016516e-01
2.548188244061016516e-01
2.548188244061016516e-01
2.548188244061016516e-01
2.548188244061016516e-01
2.548188244061016516e-01
2.548188244061016516e-01
2.548188244061016516e-01
2.548188244061016516e-01
2.548188244061016516e-01
2.548188244061016516e-01
2.548188244061016516e-01
1.645307689333008472e-01
2.548188244061016516e-01
2.548188244061016516e-01
2.548188244061016516e-01
