3.648051526109043485e-01
3.328356645323006791e-01
3.224424075314035743e-01
3.331152864187486018e-01
3.642459981427967897e-01
3.645717069991427639e-01
2.912924116728252688e-01
3.645717069991427639e-01
3.651233706952893843e-01
3.648051526109043485e-01
2.949119167970348232e-01
3.642445174047862499e-01
3.151099714268808527e-01
3.642459981427967897e-01
3.323335614636236945e-01
3.119446172022257713e-01
3.642459981427967897e-01
2.676404641470664370e-01
3.268866365700054399e-01
3.094793561178165175e-01
3.234261994888313896e-01
3.651233706952893843e-01
3.505717643375562131e-01
3.076467332414661304e-01
3.327118013517317840e-01
3.505844445093277417e-01
3.651233706952893843e-01
3.648051526109043485e-01
2.970594706151556963e-01
3.076541127015556265e-01
3.076466532663387210e-01
3.645717069991427639e-01
3.070666976751768029e-01
3.110037991079666053e-01
3.651233706952893843e-01
3.232920742800601821e-01
3.163464853335297144e-01
2.604587471550931510e-01
3.645717069991427639e-01
2.921402436521042256e-01
3.196163394731042495e-01
3.076652651793105875e-01
3.332970571560660566e-01
3.651233706952893843e-01
3.076459156926761862e-01
3.030410863397456911e-01
3.645717069991427639e-01
2.904620365140244131e-01
3.528591142892441579e-01
3.099360612751239086e-01
3.329482230475367954e-01
3.642459981427967897e-01
3.321044824952583130e-01
3.267692546758345640e-01
3.431979417462919790e-01
3.076450615815889411e-01
3.234635530046328644e-01
3.651233706952893843e-01
3.273078597745364138e-01
3.090719132592984475e-01
3.642459981427967897e-01
3.258376739872717032e-01
3.076395117902432919e-01
3.326038495041750975e-01
3.076466401318447841e-01
3.645717069991427639e-01
3.645717069991427639e-01
3.642459981427967897e-01
3.076466532663387210e-01
3.642459981427967897e-01
3.645717069991427639e-01
3.326368686181410683e-01
3.258993875646966076e-01
3.263821609120390321e-01
3.437781154324301425e-01
2.678414862915281525e-01
3.178468047585955580e-01
3.648036443255316397e-01
3.651233706952893843e-01
3.642459981427967897e-01
3.651233706952893843e-01
3.651233706952893843e-01
3.238349559311410331e-01
3.143674782686577407e-01
3.645717069991427639e-01
3.235739829941445822e-01
3.099356156873119827e-01
3.645717069991427639e-01
3.270039256612012335e-01
3.054784459411266639e-01
3.270342255156378775e-01
3.648036443255316397e-01
3.645717069991427639e-01
3.220336791180080094e-01
3.651233706952893843e-01
3.085248531784348658e-01
3.076467204474324091e-01
3.264407562371465787e-01
3.076466532663387210e-01
3.647231755938369901e-01
