1.725041998303888102e-01
1.411827139755228999e-01
1.439321141056641440e-01
1.259623425408318842e-01
1.650977934042406337e-01
1.828221824850806976e-01
1.442899149022812133e-01
1.769819032749946897e-01
1.664141478956109310e-01
1.715041132581416605e-01
1.194879467450028626e-01
1.263173113730816921e-01
1.633646161367895422e-01
1.610336079988534397e-01
1.612973661503232792e-01
1.570451451647849050e-01
1.670147456325724311e-01
1.202306192982681016e-01
1.716006282207497569e-01
1.831835742281878177e-01
1.415884382459620117e-01
1.631021185350528258e-01
1.587471032955268813e-01
1.683144805022921409e-01
1.421173600893956834e-01
1.401748202247570518e-01
1.695321075513562814e-01
1.156580509548248287e-01
1.724709886368703260e-01
1.789491935445794990e-01
1.664949783367452307e-01
1.767140435267147425e-01
1.792469418362984124e-01
1.087288055358837935e-01
1.721921697313928135e-01
1.449608047967861912e-01
1.493637509346390779e-01
1.287360653939774724e-01
1.716995811102736136e-01
1.398102463615723823e-01
1.730879027384694402e-01
1.824311075170676200e-01
1.513667029293405408e-01
1.667736531964527646e-01
1.232641258372361298e-01
1.918156622966457336e-01
1.789777460307704071e-01
1.645734123287955486e-01
1.583297296076958960e-01
1.661551735295624110e-01
1.405228916556668928e-01
1.609757612409486172e-01
1.196931036661848663e-01
1.223187872866413478e-01
1.727758313925904510e-01
1.789491935445794990e-01
1.451608171175394202e-01
1.719330802114735768e-01
1.433991025650594164e-01
1.720219333258629357e-01
1.653058297246884356e-01
1.139540314529080417e-01
1.194253845001754938e-01
1.562437311574131071e-01
1.665781946878399922e-01
1.719233220535808793e-01
1.186170639760595197e-01
1.737211359223574947e-01
1.709032615850372971e-01
1.722236320407018462e-01
1.768072445866628040e-01
1.591014310675785692e-01
1.667289876392488435e-01
1.187613141465709427e-01
1.232026928675346161e-01
1.102452491576560861e-01
1.363512915233309197e-01
1.721718669212412289e-01
1.769219834472579023e-01
1.722145849552158270e-01
1.633766809822290722e-01
1.664955537853838041e-01
1.735437225418960394e-01
1.684473294434583324e-01
1.670539614445933907e-01
1.290091967157538100e-01
1.213628166002405639e-01
1.698696843743657259e-01
1.721627372548151791e-01
1.094000424667732896e-01
1.783049827350541294e-01
1.720145131203423272e-01
1.772312388405544725e-01
1.814581701785307477e-01
1.665744547609079307e-01
1.256547425141015251e-01
1.670008452851076408e-01
1.663851463385444263e-01
1.674860904335625511e-01
1.553797709772579694e-01
