2.574682054998816416e-01
2.635297265318113369e-01
2.635297265318113369e-01
2.635297265318113369e-01
2.635297265318113369e-01
2.635297265318113369e-01
2.635297265318113369e-01
2.635297265318113369e-01
2.635297265318113369e-01
2.635297265318113369e-01
2.635297265318113369e-01
2.635297265318113369e-01
2.635297265318113369e-01
2.635297265318113369e-01
2.635297265318113369e-01
2.635297265318113369e-01
2.635297265318113369e-01
2.635297265318113369e-01
2.635297265318113369e-01
2.635297265318113369e-01
2.635297265318113369e-01
2.635297265318113369e-01
2.635297265318113369e-01
2.635297265318113369e-01
2.606068437908255486e-01
2.635297265318113369e-01
2.635297265318113369e-01
2.635297265318113369e-01
2.635297265318113369e-01
2.635297265318113369e-01
2.635297265318113369e-01
2.635297265318113369e-01
2.635297265318113369e-01
2.201255242456791883e-01
2.635297265318113369e-01
2.635297265318113369e-01
2.635297265318113369e-01
2.635297265318113369e-01
2.635297265318113369e-01
2.635297265318113369e-01
2.635297265318113369e-01
2.635297265318113369e-01
2.635297265318113369e-01
2.635297265318113369e-01
2.635297265318113369e-01
2.635297265318113369e-01
2.635297265318113369e-01
2.527548317391087318e-01
2.635297265318113369e-01
2.635297265318113369e-01
2.635297265318113369e-01
2.635297265318113369e-01
2.635297265318113369e-01
2.635297265318113369e-01
2.635297265318113369e-01
2.635297265318113369e-01
2.635297265318113369e-01
2.142427553931290640e-01
2.635297265318113369e-01
2.635297265318113369e-01
2.154350709552738941e-01
2.216341834531636024e-01
2.622313074145793954e-01
2.469221631489258439e-01
2.088585887167085098e-01
2.635297265318113369e-01
2.635297265318113369e-01
2.635297265318113369e-01
2.635297265318113369e-01
2.635297265318113369e-01
2.626054117471302018e-01
2.635297265318113369e-01
2.635297265318113369e-01
2.608148771847195735e-01
2.635297265318113369e-01
2.635297265318113369e-01
2.635297265318113369e-01
2.635297265318113369e-01
2.060495221286565704e-01
2.054214368647489242e-01
2.635297265318113369e-01
2.635297265318113369e-01
2.635297265318113369e-01
2.635297265318113369e-01
2.635297265318113369e-01
2.635297265318113369e-01
2.635297265318113369e-01
2.635297265318113369e-01
2.635297265318113369e-01
2.635297265318113369e-01
2.635297265318113369e-01
2.591187630264321085e-01
2.635297265318113369e-01
2.635297265318113369e-01
2.635297265318113369e-01
2.635297265318113369e-01
2.635297265318113369e-01
2.635297265318113369e-01
2.635297265318113369e-01
2.184447564883526816e-01
