2.111258437790516918e-01
2.111258437790516918e-01
2.111258437790516918e-01
2.111258437790516918e-01
2.111258437790516918e-01
2.111258437790516918e-01
2.111258437790516918e-01
2.111258437790516918e-01
2.111258437790516918e-01
2.111258437790516918e-01
2.111258437790516918e-01
2.111258437790516918e-01
2.111258437790516918e-01
2.111258437790516918e-01
2.111258437790516918e-01
2.111258437790516918e-01
2.111258437790516918e-01
2.111258437790516918e-01
2.111258437790516918e-01
2.111258437790516918e-01
2.111258437790516918e-01
2.111258437790516918e-01
2.111258437790516918e-01
2.127784702740537770e-01
2.111258437790516918e-01
2.111258437790516918e-01
2.111258437790516918e-01
2.111258437790516918e-01
2.111258437790516918e-01
2.111258437790516918e-01
2.111258437790516918e-01
2.111258437790516918e-01
2.111258437790516918e-01
2.111258437790516918e-01
2.111258437790516918e-01
2.111258437790516918e-01
2.111258437790516918e-01
2.111258437790516918e-01
2.111258437790516918e-01
2.111258437790516918e-01
2.111258437790516918e-01
2.111258437790516918e-01
2.111258437790516918e-01
2.111258437790516918e-01
2.111258437790516918e-01
2.111258437790516918e-01
2.111258437790516918e-01
2.111258437790516918e-01
2.111258437790516918e-01
2.111258437790516918e-01
2.111258437790516918e-01
2.111258437790516918e-01
2.111258437790516918e-01
2.111258437790516918e-01
2.111258437790516918e-01
2.111258437790516918e-01
2.111258437790516918e-01
2.017990762848851649e-01
2.111258437790516918e-01
2.032264658911835387e-01
2.111258437790516918e-01
2.111258437790516918e-01
2.111258437790516918e-01
2.111258437790516918e-01
1.836731086668796642e-01
2.111258437790516918e-01
2.111258437790516918e-01
2.111258437790516918e-01
2.111258437790516918e-01
2.111258437790516918e-01
2.111258437790516918e-01
2.111258437790516918e-01
2.111258437790516918e-01
2.111258437790516918e-01
2.111258437790516918e-01
2.111258437790516918e-01
2.111258437790516918e-01
2.111258437790516918e-01
1.755871211867229553e-01
2.111258437790516918e-01
2.111258437790516918e-01
2.111258437790516918e-01
1.955471392425436328e-01
2.111258437790516918e-01
2.111258437790516918e-01
2.111258437790516918e-01
2.111258437790516918e-01
2.111258437790516918e-01
2.111258437790516918e-01
2.111258437790516918e-01
2.111258437790516918e-01
2.111258437790516918e-01
2.111258437790516918e-01
2.111258437790516918e-01
2.111258437790516918e-01
2.111258437790516918e-01
1.859270911390567549e-01
2.111258437790516918e-01
2.111258437790516918e-01
2.111258437790516918e-01
