2.001183720986184356e-01
2.027668304474615213e-01
1.893237103555987511e-01
1.977750517146470988e-01
2.018484615021495232e-01
1.997558240420719000e-01
1.977877604566256053e-01
2.047237018211471582e-01
2.008476450435753013e-01
1.953113981669898913e-01
1.967064163118872056e-01
2.017558024249397619e-01
2.026051945539974475e-01
1.976561412572337140e-01
2.000790450522345332e-01
2.024824577183745589e-01
1.953237095962752634e-01
1.952508334322088368e-01
1.958826560075301038e-01
2.012555073491294755e-01
2.000373160929724836e-01
2.008664710361691974e-01
2.006968657142239321e-01
2.037511255783296393e-01
1.977879823376487989e-01
2.019220655252118024e-01
1.984689243385658886e-01
1.749178756346851382e-01
1.961900780786879073e-01
1.967518988252994205e-01
2.028197572847841856e-01
2.011390686402034778e-01
2.237134069235423572e-01
1.674950470542388992e-01
2.001682638454610197e-01
1.948415139884482061e-01
2.022068391298058043e-01
2.041880698492342106e-01
2.007726027697670501e-01
2.036777307184183261e-01
1.906576005544610708e-01
2.028429968754631163e-01
2.035336142297280160e-01
2.004081927121830198e-01
1.984667022795260638e-01
1.975230282528445680e-01
2.036776212141197251e-01
2.008607006500995884e-01
1.837606026380058932e-01
2.028428811580427760e-01
2.028903546866490659e-01
2.007089920105136482e-01
1.999034108784230324e-01
1.723412492789023476e-01
2.053468234578128548e-01
2.020640053940560010e-01
2.024826004774678556e-01
1.979339623873812015e-01
2.237134211296606945e-01
1.982820444348163680e-01
2.026952660063710276e-01
1.920179138054345924e-01
1.586139257985089979e-01
1.958826784286460398e-01
2.008607339025959282e-01
2.005479115550670155e-01
1.675992223514927992e-01
2.004509940462406437e-01
2.024825968847119295e-01
2.028146992915182689e-01
2.005850017031785282e-01
1.988946657148892294e-01
2.039663609161781188e-01
2.024825989111771751e-01
1.959822538767126143e-01
1.999267860782564243e-01
2.033339902685443734e-01
2.031560412179186925e-01
2.038469638893208591e-01
2.029577838012051050e-01
2.066998152540577283e-01
2.002504197113686712e-01
1.958062658920328991e-01
2.235302380745394224e-01
2.012261108551121891e-01
2.019175756865723981e-01
2.026004335866779527e-01
1.999550001786987441e-01
2.021273076312361250e-01
1.974576050111405134e-01
2.007286229916058207e-01
2.014957802022857014e-01
2.237026647248795408e-01
2.026053158884029426e-01
1.971195193707527271e-01
1.998953869261167748e-01
2.028949795783334675e-01
2.008563737482589040e-01
1.966308585934911091e-01
1.977819465059687809e-01
