2.047543013687083135e-01
2.202530268752307951e-01
2.146623084494846956e-01
2.421651270405561218e-01
2.043447601900422739e-01
2.459832887784618449e-01
2.303954981829050008e-01
2.251692158147280132e-01
2.473523339724251757e-01
2.284304991096797188e-01
2.050921696761304758e-01
2.285064821015781178e-01
2.347164621937988249e-01
2.148333693356867247e-01
2.193411522619591325e-01
2.166767136722898002e-01
2.221524842835325975e-01
2.121865742474670913e-01
2.136104706040749257e-01
2.115487296874870859e-01
2.188363009409480808e-01
2.377860292109656160e-01
1.913359792659930780e-01
2.072881425725000282e-01
2.075594497941943006e-01
2.097916636329227591e-01
1.937555515654340865e-01
1.937757422390632422e-01
2.081551727307991984e-01
2.134212700019642306e-01
1.933078308224325803e-01
2.312943238230593945e-01
2.110936220657477214e-01
2.342375312387153796e-01
2.230618446548767730e-01
2.354970153659211307e-01
2.053464877341613926e-01
2.213608439031383435e-01
2.138024197697248885e-01
2.200242775571938647e-01
2.298234329523307640e-01
2.368696493839701489e-01
2.137700386356407301e-01
1.884283003710539861e-01
1.915214717425265945e-01
2.128414368616577679e-01
2.031821106948120126e-01
2.345114134847890996e-01
2.114714436370129791e-01
2.078543090544267002e-01
2.229748763267736245e-01
2.272935932071494525e-01
1.914329904844462305e-01
2.133397263464262283e-01
2.259785991450860843e-01
2.179503602220754510e-01
2.104417389959640783e-01
2.321834869735922013e-01
2.051622496194478174e-01
1.906667280268897757e-01
2.436877338565917595e-01
2.285549450860048237e-01
2.194878533409821419e-01
1.921659188944610241e-01
2.225509188158286966e-01
2.114167805172495196e-01
1.889821000028273079e-01
2.249549403385673607e-01
1.859253750616944034e-01
2.151846871191306632e-01
2.291951507399326016e-01
1.909820651624761778e-01
2.200450495091011982e-01
2.438820454292015549e-01
2.202306083910729184e-01
2.267999773485579185e-01
2.070365112307350486e-01
2.322934388297767383e-01
2.272011725423183637e-01
2.246663155454642069e-01
1.780329757172833816e-01
2.455171174324827510e-01
1.948599466326917939e-01
2.117263101687670845e-01
2.135139043392478009e-01
2.230872511707027439e-01
1.929672557725169713e-01
2.513713411186842550e-01
2.314594482012832799e-01
2.056504174817364583e-01
2.255797487951227975e-01
1.969798647552689352e-01
2.265541661205400237e-01
2.295017799736714104e-01
2.256570192445173095e-01
2.126696770871793485e-01
2.262960949578696757e-01
2.254608090169157864e-01
2.097818037618897902e-01
2.223803571267034263e-01
