1.072542110550223499e-01
1.104185335268754592e-01
1.082599255790112763e-01
1.147092902640232809e-01
1.223219181502979702e-01
1.035949375685764340e-01
1.097561407414366641e-01
1.348411199236845548e-01
1.019968904555072220e-01
1.154432396078344525e-01
1.005013363235042062e-01
1.047351101428199843e-01
1.292319109093887086e-01
1.095777386072121495e-01
1.186465321887568980e-01
1.130568016134463616e-01
1.100299947107726550e-01
1.143338803477871590e-01
1.391218779048787046e-01
1.117172568117157649e-01
1.283267047645013370e-01
1.083295924349488987e-01
1.145825441776141818e-01
1.077443737415142710e-01
1.114564334153528152e-01
1.050052985452190196e-01
1.017682548301297313e-01
1.191928660368906379e-01
1.089838875067398599e-01
1.092914832596221797e-01
1.164378860067715321e-01
1.066993612110113537e-01
1.025155695692961666e-01
1.080209559122972257e-01
1.108151577987034203e-01
1.047898488761665331e-01
1.017951052883375729e-01
1.085884654531569654e-01
1.286540977553473075e-01
1.370777405107206914e-01
1.174120213828029335e-01
1.151024751566473020e-01
1.154824343859983810e-01
1.134761981324859115e-01
1.095391764763408438e-01
1.332193649439740724e-01
9.928526176171871553e-02
1.120606789852626878e-01
1.078785231410844536e-01
1.148636483879302700e-01
1.071194744402261950e-01
1.155648199096573903e-01
9.945274302035211900e-02
1.052869335878631879e-01
1.146885714028380993e-01
1.072739005174076915e-01
1.002310203922864296e-01
1.220522820899675870e-01
1.264679566070205929e-01
1.086495630260891632e-01
1.118325179612525561e-01
1.027658315129424682e-01
1.083621027099507250e-01
1.216880760791044791e-01
1.234973372201123992e-01
1.048185083964005837e-01
1.421929316110057961e-01
1.093004113699920232e-01
1.077083827918890041e-01
1.192783783678865728e-01
1.202727782352419200e-01
1.130393395180691457e-01
1.140568117489637184e-01
1.081519034203306390e-01
1.028782761474670293e-01
1.074248578485792471e-01
1.059355064054448986e-01
1.195213581415544013e-01
1.346576283933293428e-01
1.068840714319401336e-01
1.129490483599335238e-01
1.034130165930877421e-01
1.003481058474084420e-01
1.209650852059112325e-01
1.196173601823391636e-01
1.040966335447937319e-01
1.049883906441518994e-01
1.340307634947682236e-01
1.074053902874519684e-01
1.037229332451708036e-01
1.101855361960752816e-01
1.014685227828260872e-01
1.089304364849934537e-01
1.219531373665465185e-01
1.061345575893708620e-01
1.159185571149045774e-01
1.110520385137384186e-01
1.042499158219046124e-01
1.057396947778114216e-01
1.115523216644952464e-01
