1.331659375475216789e-01
1.148163262550623426e-01
1.185873144268888291e-01
1.045687344114634432e-01
1.616200446779884892e-01
1.684235181439316942e-01
1.318445639071906261e-01
1.682603535379554593e-01
1.553864428975691714e-01
1.554932327530108571e-01
1.004655464857910352e-01
1.034545193903193966e-01
1.505722205677507697e-01
1.542761400467851651e-01
1.490621168422948950e-01
1.460972210199118215e-01
1.318643562914950385e-01
1.208097909244220669e-01
1.194777575449541135e-01
1.681369438573056263e-01
1.465299755804323201e-01
1.561905379856158849e-01
1.510864277860369254e-01
1.632598742506877199e-01
1.103706741714885475e-01
1.193838938588455828e-01
1.666226927347385922e-01
1.081341582749343472e-01
1.002691806407799563e-01
1.607761968982878709e-01
1.137152224591856942e-01
1.604299418828474821e-01
1.693520009435859619e-01
9.929832892362126795e-02
1.210671548937030106e-01
1.507974038309325415e-01
1.277031071585231214e-01
1.145885437077235891e-01
1.186165366738455434e-01
1.210786062598447205e-01
1.568477177911432874e-01
1.682339631906870636e-01
1.496048697848324227e-01
1.607050578412063668e-01
1.060811474211508371e-01
1.827168950159669958e-01
1.640773974737498864e-01
1.279991642718070477e-01
1.421776336056146950e-01
1.235291120895712358e-01
1.405930859550223733e-01
1.542761400467851651e-01
1.048420010001461511e-01
1.040668111347517605e-01
1.474262215302954704e-01
1.643313631258562779e-01
1.493228971416914186e-01
1.659531633299434761e-01
1.057352585889214519e-01
1.301088531908187462e-01
1.581092955547135082e-01
1.101946078268621204e-01
1.022925940408396794e-01
1.197252960513223718e-01
1.625910744666424490e-01
1.605805362036637762e-01
1.068348045777757216e-01
1.578076517518944843e-01
1.645199137272119472e-01
1.627420486777859665e-01
1.636186026699251173e-01
1.477306599451100877e-01
1.467631098538677015e-01
1.016965846459313011e-01
1.030078108877145460e-01
1.053184721723700451e-01
1.080811083394492833e-01
1.555607135237739580e-01
1.641831114154660154e-01
1.579734345703434906e-01
1.537304781149259059e-01
1.627527111844838115e-01
1.621409724928191964e-01
1.610826872504462770e-01
1.347001804265091363e-01
1.047643924816985400e-01
1.038444921005071686e-01
1.565847578372459581e-01
1.562389366634731047e-01
9.998037282279396976e-02
1.641392925219365972e-01
1.552339015062761673e-01
1.215171185390122033e-01
1.093602640480915572e-01
1.621797930410359689e-01
1.054507815133510634e-01
1.631539912081889920e-01
1.608204528349155837e-01
1.610197260494281579e-01
1.494486091387108029e-01
