2.342849710106092165e-01
1.838017026298658374e-01
1.750644011044986958e-01
1.668007016692660827e-01
2.342849710106092165e-01
2.294428020865737772e-01
2.342849710106092165e-01
2.342849710106092165e-01
2.342849710106092165e-01
2.342849710106092165e-01
1.669667096518183680e-01
2.342849710106092165e-01
2.004829874799891887e-01
2.342849710106092165e-01
1.744627697348452022e-01
1.798296464985163490e-01
2.310325407171568979e-01
1.646569899594608755e-01
1.780443196790568450e-01
2.342849710106092165e-01
1.657955770903292436e-01
2.342849710106092165e-01
1.835537671514404501e-01
2.342849710106092165e-01
1.559304506199589713e-01
2.342849710106092165e-01
2.342849710106092165e-01
1.777199158536654777e-01
1.425114188862389719e-01
1.790709450401061775e-01
1.705881874913132423e-01
2.342849710106092165e-01
2.342849710106092165e-01
1.657318224121103745e-01
2.342849710106092165e-01
2.126136702967641734e-01
1.667466077683553982e-01
2.342849710106092165e-01
2.342849710106092165e-01
1.685311134931229693e-01
2.342849710106092165e-01
2.342849710106092165e-01
2.342849710106092165e-01
2.218317480326656987e-01
1.678982289623763557e-01
2.342849710106092165e-01
2.310961979424139556e-01
2.095237709188394193e-01
2.342849710106092165e-01
1.656267370112269877e-01
1.605450374191651208e-01
2.243040563092368322e-01
1.421242853659499816e-01
1.537061508797200049e-01
2.265423168191930958e-01
2.310490709740235238e-01
1.990089353903924663e-01
2.342849710106092165e-01
1.508190577883721795e-01
2.342849710106092165e-01
2.333322620982819506e-01
1.603730621185276151e-01
1.427303018960236480e-01
1.878818555676569080e-01
2.342849710106092165e-01
2.342849710106092165e-01
2.342849710106092165e-01
2.342849710106092165e-01
1.771457729703790618e-01
2.342849710106092165e-01
2.342849710106092165e-01
1.665683972560740578e-01
2.342849710106092165e-01
1.322518689275787307e-01
1.684000400990359747e-01
2.037478561187774651e-01
1.681899983451214664e-01
2.342849710106092165e-01
2.342849710106092165e-01
2.342849710106092165e-01
1.748876173421183844e-01
2.342849710106092165e-01
2.342849710106092165e-01
1.825062178081939268e-01
2.342849710106092165e-01
1.644048323182215332e-01
1.541846407953145481e-01
1.895121406276124854e-01
2.342849710106092165e-01
1.376894663518939965e-01
1.929354458995009292e-01
1.698014584523672710e-01
2.305176800940471338e-01
2.342849710106092165e-01
2.342849710106092165e-01
1.545131673148346374e-01
2.342849710106092165e-01
2.342849710106092165e-01
2.342849710106092165e-01
2.342849710106092165e-01
