2.286722278576146239e-01
2.431339761520051601e-01
1.952327121355767192e-01
2.395857550667083724e-01
2.430498802076530018e-01
2.208277001702708409e-01
2.721090467149026026e-01
2.385848369453472395e-01
2.454608169000821460e-01
2.440251948368860890e-01
2.051800849788388004e-01
2.436980159709133953e-01
2.419902481623130708e-01
2.139025455001822840e-01
2.377135021513165913e-01
2.406698155489404023e-01
2.425600839456457103e-01
2.307920334786303651e-01
2.438412113705726858e-01
2.150659806788846051e-01
2.489113250139768918e-01
2.436323160176560032e-01
2.052264421179363918e-01
2.273753870309324909e-01
2.389546338193065944e-01
2.434265543524894992e-01
2.438469794757359421e-01
2.085164563424530548e-01
2.482239118276086121e-01
2.435106678891336973e-01
2.342670572570471066e-01
2.152220124290295800e-01
2.272124292611216179e-01
2.047477200719103885e-01
2.382766892883678156e-01
2.435969673161084981e-01
2.446726558592394463e-01
2.122106923236143916e-01
2.425556966417578286e-01
2.358935174968374571e-01
2.360115915776981599e-01
2.427812586486454149e-01
2.426402444631825805e-01
2.207309247910559102e-01
2.435896074800234234e-01
2.405206828467639502e-01
2.478914622270011192e-01
2.426043368370382758e-01
2.416737305852170448e-01
2.429572325425911339e-01
2.444803651575820913e-01
2.161145811312645826e-01
2.197741159200787553e-01
2.362682121838995120e-01
1.915732992810124657e-01
2.433825340938262638e-01
2.384984905140265232e-01
2.547373483945927219e-01
2.477211431134774544e-01
2.447454997044767322e-01
2.443558380516430706e-01
1.915406431686383915e-01
1.898436015828921242e-01
2.450527580883326007e-01
2.407971864007302787e-01
2.441787902748371875e-01
2.054827379411681976e-01
2.356363749525736406e-01
2.335838956006870415e-01
2.273354831762595951e-01
2.446468603963159183e-01
2.166121332376083064e-01
2.349905027577589289e-01
2.351902447730458701e-01
2.413336182964476162e-01
2.064067075874302937e-01
2.449352606278595579e-01
2.462784660581157359e-01
2.422862105835849600e-01
2.598621343526020810e-01
2.289435359596923569e-01
2.348093076165543025e-01
2.461616897892623945e-01
2.102890521958862280e-01
2.373264245836881614e-01
2.440421630491247940e-01
2.447177779582983270e-01
2.257727981602904999e-01
2.322669738473321088e-01
2.494921083179758303e-01
2.429882253333088549e-01
2.371628817408425183e-01
2.171266430994629737e-01
2.311722650319428529e-01
2.456002233885456743e-01
2.040741631817383772e-01
2.438398106310584734e-01
2.340464867183130737e-01
2.502504846001665784e-01
2.449282505689940881e-01
