1.395509182125380665e-01
1.484712945921133065e-01
1.366683682502727870e-01
1.690778969346618255e-01
1.423649972009460307e-01
1.508616458868630994e-01
1.653516230680442956e-01
1.434946375682937814e-01
1.617753772607678775e-01
1.383584170910283073e-01
1.651324821384571317e-01
1.321691485302059765e-01
1.621390638862749700e-01
1.535379808429883364e-01
1.434445485848673263e-01
1.630037294980479501e-01
1.461751036206599685e-01
1.424191704906594691e-01
1.531268619717232882e-01
1.373717910699087386e-01
1.750854515740034589e-01
1.640602755448853922e-01
1.402292904748704550e-01
1.394726387917878119e-01
1.866498058968670826e-01
1.747576289689157514e-01
1.691437173132727956e-01
1.651894165579024520e-01
1.374425273830747474e-01
1.621572263423504967e-01
1.633625514649494348e-01
1.262699941923344227e-01
1.699736462086277877e-01
1.383258982775859847e-01
1.351105749607637574e-01
1.617861165359078812e-01
1.387981021088192379e-01
1.639975039032718906e-01
1.561264627310618436e-01
1.181668545887215316e-01
1.778427101952642364e-01
1.518452725461083563e-01
1.352293735711732614e-01
1.531076754697031639e-01
1.600888687559623991e-01
1.371110799261674174e-01
1.646187988381864753e-01
1.350180921593675809e-01
1.760959161274699147e-01
1.641893143671727395e-01
1.383060139444685088e-01
1.651846508875188246e-01
1.414178661010437044e-01
1.598702592511206944e-01
1.366776895818847259e-01
1.599450871490214199e-01
1.705652662077939419e-01
1.319045039633622296e-01
1.658637836000614596e-01
1.577720994780729968e-01
1.315331921709471941e-01
1.284910652335620462e-01
1.397280410016610575e-01
1.420701169705308742e-01
1.315219565784547240e-01
1.442938807963151104e-01
1.448822388238195091e-01
1.465848631685323922e-01
1.744099196761449422e-01
1.350027235810983550e-01
1.515213264165670426e-01
1.245285062629854361e-01
1.398132689310067622e-01
1.719517350445360915e-01
1.671535751042969309e-01
1.530828541876805560e-01
1.558538527790357120e-01
1.301014995388204420e-01
1.636630282123678060e-01
1.358328313894898720e-01
1.730286423286211961e-01
1.520915324951825076e-01
1.463552281323320936e-01
1.495701713482964490e-01
1.528740254571809842e-01
1.563022293630439707e-01
1.420770418025270598e-01
1.460449081864711174e-01
1.596073036713518689e-01
1.694469675874180903e-01
1.475399785279884746e-01
1.668727500961910137e-01
1.294833297376425663e-01
1.393456974621672950e-01
1.703187221782861138e-01
1.598621775074056672e-01
1.446956506848214030e-01
1.394180573010734836e-01
1.335679177584546684e-01
1.428078422227311572e-01
