2.153934697510019591e-01
2.255941929599177553e-01
2.113332526545806112e-01
2.142832098029332499e-01
2.155643145609698330e-01
2.035969809938236730e-01
2.219484744874285487e-01
2.176465832058318839e-01
2.105838985704344690e-01
2.161708113352354965e-01
2.106288965438525007e-01
2.055717929869357030e-01
2.233275222783672187e-01
2.542916329033373946e-01
2.154523185628667847e-01
2.146553610056590733e-01
2.208418692000231609e-01
2.593574155875909004e-01
2.175861248636297429e-01
2.437057247180782205e-01
2.506194063216996559e-01
2.279012787480364510e-01
2.168083870880512243e-01
2.167104963524474348e-01
2.403766870450336768e-01
2.300736958053040959e-01
2.280912347712086008e-01
2.260244606074988394e-01
2.171859122185966218e-01
2.715323138669867853e-01
2.403870758450379896e-01
2.134182939727253259e-01
2.101061902806579673e-01
2.058413056878934944e-01
2.065871761697550268e-01
2.125779440781230822e-01
2.347769382659195547e-01
2.241522931745121017e-01
2.293872176839105437e-01
2.100605592162975155e-01
2.208324616039864796e-01
2.242625602757324643e-01
2.037106271177396843e-01
2.565614155478772029e-01
2.020522451733426095e-01
2.060092807888461441e-01
2.463395792231103942e-01
1.955003135608386067e-01
2.705817360039600716e-01
2.410906683158891561e-01
2.051172563627558232e-01
2.336233325180366582e-01
2.353583910403708457e-01
2.737627249480930614e-01
2.211638202376040307e-01
2.463868454761660165e-01
2.192386428895933825e-01
1.959731111861685304e-01
2.171952220266998856e-01
2.139899246936668997e-01
1.957221045394657577e-01
1.991988459155453195e-01
2.052945658363782289e-01
2.191147477974408619e-01
1.777510981477948004e-01
2.364966768775663974e-01
2.292398450567325885e-01
2.702615720259066157e-01
2.171369837221495680e-01
2.145799221775725185e-01
2.085586127329119854e-01
2.271092026282329479e-01
2.452477512492604039e-01
2.630055806869087132e-01
1.989813173878438035e-01
2.647061512356903568e-01
2.161398686745529818e-01
2.393110886446171703e-01
1.854197073279670316e-01
1.993044370929184794e-01
4.033757099900374121e-01
2.181013392824567299e-01
2.142926955225442354e-01
2.587196816340907035e-01
2.218195891813283249e-01
1.976928037147175909e-01
2.061686321568360625e-01
2.028018269405802154e-01
2.156698374617246061e-01
2.143070503699613660e-01
2.051656007107509894e-01
2.145526381183502640e-01
2.226047961867737290e-01
2.118188887798466147e-01
2.296845616695347425e-01
2.230419587921859403e-01
2.075590546406958226e-01
2.200416966551828335e-01
2.247721458984559273e-01
2.130043483554902584e-01
