3.364753942548694421e-01
2.973741419134094399e-01
2.857312154599827569e-01
2.990369300960908361e-01
3.357553554706622090e-01
3.359424017096446224e-01
2.461074029241572259e-01
3.359424017096446224e-01
3.366574159415550715e-01
3.364753942548694421e-01
2.518517804184872144e-01
3.357365449554909898e-01
2.762534745289968452e-01
3.357553554706622090e-01
2.968877148351720674e-01
2.727963611824242296e-01
3.357553554706622090e-01
2.179707511211592397e-01
2.904794131167690585e-01
2.702136345091110115e-01
2.868197020380517936e-01
3.366574159415550715e-01
3.166492053314504673e-01
2.686975858503619086e-01
2.985612024812791532e-01
3.167169727788610722e-01
3.366574159415550715e-01
3.364753942548694421e-01
2.544322945254618995e-01
2.687270748901660067e-01
2.686962613523897203e-01
3.359424017096446224e-01
2.681958679333174000e-01
2.720043374224657140e-01
3.366574159415550715e-01
2.865465592548120388e-01
2.765229364665202638e-01
2.094793540986928937e-01
3.359424017096446224e-01
2.486560365584301047e-01
2.820102704969601470e-01
2.677686420982209881e-01
2.976585445471044422e-01
3.366574159415550715e-01
2.686891480758129558e-01
2.638025471654142917e-01
3.359424017096446224e-01
2.450147932458505429e-01
3.193471386562323766e-01
2.710398970637155625e-01
2.977025376489184083e-01
3.357553554706622090e-01
2.969282901167931699e-01
2.902024014809966301e-01
3.106582105841937946e-01
2.686777612470184762e-01
2.868869969392033314e-01
3.366574159415550715e-01
2.910164607144749005e-01
2.699690457306791469e-01
3.357553554706622090e-01
2.891279015839395838e-01
2.686763248695249739e-01
2.973072159016972305e-01
2.686958970888834730e-01
3.359424017096446224e-01
3.359424017096446224e-01
3.357553554706622090e-01
2.686962613523897203e-01
3.357553554706622090e-01
3.359424017096446224e-01
2.973721244256486984e-01
2.889167607401686988e-01
2.896299561488806518e-01
3.106058725392492614e-01
2.172665509076824319e-01
2.800956943729881465e-01
3.364567569549916648e-01
3.366574159415550715e-01
3.357553554706622090e-01
3.366574159415550715e-01
3.366574159415550715e-01
2.857006779249779971e-01
2.760696612907723724e-01
3.359424017096446224e-01
2.870187922906470845e-01
2.710364897843913767e-01
3.359424017096446224e-01
2.905773886932087602e-01
2.656641084987052537e-01
2.905460996012471098e-01
3.364567569549916648e-01
3.359424017096446224e-01
2.854307276114860237e-01
3.366574159415550715e-01
2.697609881925572273e-01
2.686972093600434319e-01
2.896623222324421487e-01
2.686962613523897203e-01
3.321085977878580620e-01
