1.082921578720407174e-01
1.222672410517154917e-01
9.578376014536386929e-02
1.645802158098941814e-01
1.022860813716015838e-01
1.103953820629695465e-01
1.148353394093510338e-01
1.041285019655948940e-01
9.918038176409771367e-02
1.021012152866985351e-01
1.060768006496010801e-01
1.020008316443014734e-01
1.645802158098941814e-01
1.290243863254540158e-01
1.645802158098941814e-01
1.102970727798409517e-01
1.041755985218455055e-01
1.081992597722039179e-01
1.645802158098941814e-01
1.009586665118474974e-01
1.645802158098941814e-01
1.160697847473983607e-01
9.182116088271115306e-02
1.048695652465738148e-01
1.087863002243460303e-01
1.139773209616414956e-01
1.186606191971180252e-01
1.265356895240925539e-01
1.244619655389708340e-01
1.173784351123132452e-01
1.645802158098941814e-01
1.082529501323943461e-01
1.070250845092507175e-01
1.081387131855449379e-01
1.010341723693261584e-01
1.645802158098941814e-01
1.032654579230502800e-01
9.772163828365695859e-02
1.122454149720285843e-01
9.527151521081041186e-02
1.645802158098941814e-01
1.176830261500771552e-01
1.042681405906243780e-01
1.166671731281798824e-01
1.166416644079647374e-01
9.778064449538720337e-02
1.020151985433135206e-01
1.035456087506851641e-01
1.645802158098941814e-01
1.056872405054715275e-01
9.700754343574202743e-02
1.136581307189712259e-01
1.181423286339001039e-01
1.645802158098941814e-01
1.103928681471231521e-01
9.670109580186965481e-02
1.077686249948785480e-01
1.013986037757425435e-01
1.222995205305044270e-01
1.059456994360053611e-01
1.029746670626670302e-01
9.386595452768906056e-02
9.386463779926482176e-02
9.731396060152995575e-02
9.331317436994884806e-02
1.137931437104057475e-01
9.938042382781707429e-02
1.094558795086994635e-01
1.645802158098941814e-01
9.970634311622945944e-02
1.029829995037542245e-01
9.461060884885584554e-02
1.212193960612717863e-01
1.128452570073445321e-01
1.078643823257143947e-01
1.200036712734177946e-01
1.126690304162024509e-01
1.167453142312591396e-01
9.752821336688061171e-02
1.031285579324878326e-01
1.645802158098941814e-01
1.072066528007171032e-01
9.713975546982886455e-02
1.228939821095044044e-01
1.645802158098941814e-01
1.004999680659510453e-01
1.047352188775065862e-01
1.016565532620647694e-01
1.003214072031051868e-01
9.968585194409619599e-02
9.874005923898887538e-02
1.019212055014544205e-01
1.024019830141831150e-01
1.090263487295746875e-01
1.074089377352665936e-01
1.015810810684850546e-01
9.418152521660085041e-02
1.049913127365500187e-01
1.076530941833971494e-01
1.148964050816465854e-01
