1.808660249060144165e-01
1.853668784799921421e-01
1.879663865246496701e-01
1.936564012457783479e-01
2.011126885722632485e-01
2.048095968790214216e-01
1.900171500378416423e-01
1.841369882322949902e-01
2.015907258891755927e-01
2.055679120004564875e-01
1.817062363260754376e-01
1.946264363957599941e-01
1.994652483467257709e-01
1.955404376730462135e-01
1.985422860157196878e-01
2.052285996896401343e-01
1.831266101239990007e-01
1.937363430112127582e-01
1.909477532012816281e-01
1.973141799434950105e-01
1.937020743896870623e-01
2.047579691613698460e-01
1.966935825782994141e-01
2.007909612199412219e-01
1.700903865646309077e-01
1.874845701679480892e-01
2.025553718344095533e-01
2.021702967822223973e-01
1.915005977550907901e-01
1.799397306949003794e-01
1.825146150190292138e-01
1.866945918188258613e-01
1.820879228985652909e-01
1.901983369907103427e-01
1.845240330426106967e-01
2.057737823257648202e-01
1.798770550407695901e-01
1.916591806081181515e-01
1.831251530023021989e-01
1.924404601495799949e-01
1.897974173768752215e-01
1.890769333644407024e-01
1.930025461340744708e-01
2.036086857091647939e-01
1.862471573561469140e-01
1.905791924610999721e-01
2.025681339384960977e-01
1.978217198664987964e-01
2.018957899403113210e-01
1.826605014298602891e-01
1.830509431936548637e-01
1.851783617854722008e-01
1.893633181135588595e-01
1.867138660585493382e-01
1.971564455032152052e-01
2.030640982399862238e-01
1.979035048251117368e-01
2.017020604852599597e-01
1.753109522178903368e-01
1.849503943030923192e-01
1.972366959427417354e-01
1.901754055963126855e-01
1.949138159172932871e-01
2.049771700932654928e-01
1.851783617854722008e-01
2.051257966559986712e-01
2.037813472192894770e-01
2.053063395132676272e-01
2.050436034320108625e-01
2.011617547846054621e-01
1.958434357858617192e-01
1.977348370857881232e-01
1.942141156288756665e-01
1.963778463241018235e-01
1.854629786848301931e-01
1.894310081019267289e-01
1.831690073384946715e-01
1.917498196192510551e-01
1.983924253514859626e-01
1.957535381840875555e-01
1.840954848255137444e-01
2.040774357221438462e-01
1.867088419293078672e-01
1.770816751789718035e-01
1.835918122200175528e-01
1.796440054444687906e-01
1.887265952572714511e-01
2.056723024759891660e-01
1.811645631695302239e-01
1.978673959551580097e-01
1.979441543882398680e-01
2.049639407630085286e-01
1.831276620215071538e-01
1.915932207655556274e-01
1.985126632876034192e-01
1.863545487309169746e-01
1.836757633678466894e-01
1.740372611608461961e-01
1.865176491467942788e-01
1.928504900405700051e-01
