5.059336035817257188e-02
5.439818046601554297e-02
5.619380575918835746e-02
5.690775541808645172e-02
4.923774735860977220e-02
4.923774735860977220e-02
4.923774735860977220e-02
5.087775471592820287e-02
4.923774735860977220e-02
4.923774735860977220e-02
4.923774735860977220e-02
6.266675696914686400e-02
4.923774735860977220e-02
4.906772421616108215e-02
5.336519710377826686e-02
4.923774735860977220e-02
5.259087459606762160e-02
5.499578631061489975e-02
5.105876332790335731e-02
5.020266772996357513e-02
5.131644149807470384e-02
4.923774735860977220e-02
4.923774735860977220e-02
5.811771675921582891e-02
5.858102554451827954e-02
4.923774735860977220e-02
4.923774735860977220e-02
4.923774735860977220e-02
5.215754634133084461e-02
5.707725898516644719e-02
5.519862530266902295e-02
4.923774735860977220e-02
5.287766547375883502e-02
5.092880656242861070e-02
5.459644895432369527e-02
4.923774735860977220e-02
4.970658299068556746e-02
5.409643366334056236e-02
5.541214016734737069e-02
4.923774735860977220e-02
4.923774735860977220e-02
4.923774735860977220e-02
4.923774735860977220e-02
4.923774735860977220e-02
4.923774735860977220e-02
4.923774735860977220e-02
4.923774735860977220e-02
5.577723857951550485e-02
4.899209937600720877e-02
5.328868955234204730e-02
4.923774735860977220e-02
4.923774735860977220e-02
5.689912475613115306e-02
5.823299726471523746e-02
4.923774735860977220e-02
4.923774735860977220e-02
4.923774735860977220e-02
4.923774735860977220e-02
5.175333931502119900e-02
4.923774735860977220e-02
4.923774735860977220e-02
4.948349984330913109e-02
5.281849350239757601e-02
4.817427373677398567e-02
4.923774735860977220e-02
5.023907932586463981e-02
4.923774735860977220e-02
4.923774735860977220e-02
4.923774735860977220e-02
4.923774735860977220e-02
4.923774735860977220e-02
5.267097808217735544e-02
5.122119623622515411e-02
5.317450518225454864e-02
5.494335139180220318e-02
5.473921279997039785e-02
5.342980831969140060e-02
5.099523813154194923e-02
4.923774735860977220e-02
4.923774735860977220e-02
4.923774735860977220e-02
4.923774735860977220e-02
4.923774735860977220e-02
5.903071897250639771e-02
5.024623946921812773e-02
5.563167875096553666e-02
5.118449995443048739e-02
4.923774735860977220e-02
5.890963463833530367e-02
5.679358303833548921e-02
5.591468579057997518e-02
4.923774735860977220e-02
5.701379831404457255e-02
5.501059156521932031e-02
4.923774735860977220e-02
5.136039489313433404e-02
4.886822485350538620e-02
5.185862750760748124e-02
5.145667298259027495e-02
5.575539244706601699e-02
