1.111477147042694152e-01
1.098029208633530818e-01
1.101602768939994453e-01
1.105182024223943515e-01
1.171248799641581434e-01
1.086162193243182666e-01
1.107529228577231184e-01
1.171174199335202476e-01
1.105053942114294085e-01
1.132702072348741040e-01
1.112338261479873663e-01
1.220917444597529877e-01
1.113366092201247964e-01
1.222365776278069582e-01
1.123149510099272497e-01
1.104521356764650158e-01
1.103362703885670260e-01
1.167230398431518684e-01
1.109420545331860630e-01
1.170994553645847980e-01
1.105053942117404236e-01
1.108973792778497475e-01
1.085517192738668507e-01
1.222174546704169890e-01
1.140868763454442186e-01
1.085290549494817847e-01
1.101421413159322515e-01
1.217827865417663996e-01
1.133721036310341296e-01
1.218903328604560576e-01
1.102197318102350887e-01
1.220499221512524740e-01
1.125081310554366526e-01
1.102325030788779830e-01
1.134224867038700069e-01
1.109451914961625124e-01
1.103415130756017354e-01
1.167570968672380777e-01
1.132120397920109295e-01
1.114051549159378318e-01
1.098839316178610997e-01
1.085645798483018815e-01
1.101309136794934446e-01
1.104509925436365086e-01
1.105053942117404236e-01
1.123308040529988061e-01
1.095602112457283589e-01
1.101960108519350195e-01
1.212481059099057429e-01
1.104570036840457209e-01
1.222180441918007121e-01
1.105565687289544324e-01
1.128687152909968600e-01
1.104642826406763700e-01
1.170375785230611670e-01
1.119623962978169573e-01
1.083189465820948577e-01
1.167839231101303055e-01
1.105053942486557833e-01
1.220880919033132117e-01
1.117086338285505770e-01
1.105053942117404236e-01
1.222342518276949425e-01
1.115059856376554998e-01
1.085517906350397938e-01
1.171264816969504324e-01
1.217975467394839667e-01
1.087337910657335815e-01
1.221809135505601412e-01
1.125565236670016955e-01
1.170998954916619983e-01
1.127254271482355380e-01
1.222363486927350307e-01
1.217603751321783279e-01
1.116615896219288195e-01
1.217555536820388584e-01
1.130508980097369304e-01
1.123162815648719032e-01
1.094791869986770499e-01
1.109419801631856273e-01
1.166239226463577777e-01
1.082454731917164431e-01
1.084656966728878291e-01
1.220051941500815418e-01
1.107668558344776788e-01
1.109895564743780955e-01
1.117493712213517565e-01
1.100441240153583883e-01
1.210455077977247718e-01
1.221766374561668589e-01
1.220323005804651167e-01
1.220801499849985539e-01
1.118374744064080523e-01
1.101712105488313886e-01
1.217787759893209643e-01
1.104291646174397068e-01
1.099058348099367644e-01
1.087796134152132776e-01
1.107993738477746209e-01
1.126600584729708227e-01
