3.226002689387440503e-01
3.223332732944649281e-01
3.277869972951189537e-01
3.229127154602284278e-01
3.225850735849875583e-01
3.227701127759270983e-01
3.225860313700559256e-01
3.139905680576878799e-01
3.227681857176538105e-01
3.225845647956616657e-01
3.225911482106936790e-01
3.225185337192232327e-01
3.230969199872689157e-01
3.223344332030153025e-01
3.228458989765036757e-01
3.228454769613883779e-01
3.225185114858028501e-01
3.226615186033514604e-01
3.229124704690274350e-01
3.225959821736894551e-01
3.227697566997146938e-01
3.229109234286216545e-01
3.225965344356193087e-01
3.199947159402917185e-01
3.228439420724176223e-01
3.225864575554961422e-01
3.225849072214043156e-01
3.223332574612794432e-01
3.307591009130733117e-01
3.227702724104186682e-01
3.228458908636672176e-01
3.154361088836388216e-01
3.264026036883130311e-01
3.223345591996986670e-01
3.225959769738457883e-01
3.228439187876099847e-01
3.225959644795969861e-01
3.227681721730233932e-01
3.229108139367135033e-01
3.229123227777139227e-01
3.139023169943001568e-01
3.228443320738197952e-01
3.227701487482083631e-01
3.230949611250991116e-01
3.223348065558310216e-01
3.225185709133118750e-01
3.187127088493321714e-01
3.225860537030860731e-01
3.287441707142085279e-01
3.225861820174937278e-01
3.230948333006301576e-01
3.230967685377835741e-01
3.139031324618075103e-01
3.225174975877291295e-01
3.227701130677928520e-01
3.229123290786393707e-01
3.230968055091721358e-01
3.104993408616489314e-01
3.265103510706974799e-01
3.225845436348699913e-01
3.227681188422771852e-01
3.278729929219099670e-01
3.265966736477414201e-01
3.226009585944948910e-01
3.228458520132950760e-01
3.229108131987172281e-01
3.227699059430527151e-01
3.225175597595407173e-01
3.225845314252779317e-01
3.230947882655371139e-01
3.228454521433386515e-01
3.139055284050434325e-01
3.199267322410643821e-01
3.230969075081171482e-01
3.230948443070204013e-01
3.136523472057172746e-01
3.225169755357206181e-01
3.230952106424195280e-01
3.228439067140343455e-01
3.225186158025659111e-01
3.230953737403259307e-01
3.229123009553805934e-01
3.230952628681410532e-01
3.269423770883182478e-01
3.229107823483340356e-01
3.228459590734852336e-01
3.227697339891704709e-01
3.229109458421900447e-01
3.226613866819476040e-01
3.226610533999960118e-01
3.225849999007479041e-01
3.227697012164767454e-01
3.260167965808729029e-01
3.229108261405563285e-01
3.227697418223078873e-01
3.139211945830536754e-01
3.223344612427258560e-01
3.225862103254518165e-01
3.264026026254578383e-01
3.261116094940309518e-01
