3.854475485156397818e-01
2.886177542722767608e-01
3.053149307611968677e-01
3.649770197989798404e-01
4.120682590465724049e-01
3.723679324546125269e-01
3.244820922428424681e-01
3.857893048119099833e-01
3.227740941542207587e-01
3.759861008212558309e-01
3.304296165073403180e-01
3.726213430666421300e-01
3.465064636703197309e-01
3.853157110141709474e-01
3.290765555951151722e-01
3.126969944379086042e-01
3.593730224317759903e-01
3.077115971633671010e-01
3.846883791748540449e-01
3.755115705792430036e-01
2.924365632144340643e-01
3.688799891447816504e-01
4.065383505957811394e-01
3.872872172690857151e-01
3.750181291665071193e-01
4.215370710782196939e-01
3.548912682283067999e-01
3.883358649524643602e-01
3.379674910229140683e-01
3.880310403184961121e-01
3.515492588860781309e-01
3.861061741139478198e-01
3.406993495964270591e-01
3.587524500439184805e-01
3.877101455178760259e-01
3.059861439001985706e-01
3.809426773051903803e-01
3.766802827394100106e-01
3.378602605650754542e-01
3.286368301639278067e-01
3.494537710425545951e-01
3.885289743415081265e-01
3.878261667244872757e-01
3.847691583679611615e-01
3.539558517166669360e-01
3.905495252854557786e-01
3.950551799458792979e-01
3.108466414355151586e-01
3.889933778875813708e-01
3.656425831058468523e-01
2.936765199612338395e-01
3.947766591315610696e-01
3.126886335570816522e-01
3.824639045616467503e-01
4.053701748955394479e-01
3.864169217378908283e-01
3.614712410161976530e-01
3.559172808670811872e-01
3.918979018140730797e-01
3.864981358096699071e-01
3.409180028190724743e-01
3.860569854765960041e-01
3.329802646817853762e-01
3.265033971968150373e-01
3.881719958517948488e-01
3.451295935283764105e-01
3.765752972781901131e-01
3.475188355780692850e-01
3.839795185113825671e-01
3.851770839494195187e-01
3.732681874956420010e-01
3.298514449918323876e-01
3.893290767244033113e-01
2.737436078870753020e-01
3.218852241543477266e-01
3.440646905484632812e-01
3.499942672311032177e-01
3.861512775548292531e-01
3.849830996943872652e-01
3.744778481845799645e-01
3.515897974107859425e-01
3.886804209949957789e-01
3.869216401889593593e-01
3.885183177247518715e-01
3.882018515736730402e-01
3.186888732238769006e-01
3.831791960234430250e-01
3.316735462685765357e-01
3.835198862967999500e-01
3.664761561394499489e-01
3.848697535461175767e-01
3.626194015262433901e-01
3.531067133624826160e-01
3.722101810499158780e-01
3.846605780099418004e-01
3.369492895643684816e-01
3.684639417971064534e-01
3.877169908550208155e-01
3.909666612010488373e-01
4.525217571038165354e-01
