2.654932931616655334e-01
2.118809129986418405e-01
1.981679322199255133e-01
1.807529204130459977e-01
2.868232932244780820e-01
2.186815068718360733e-01
2.590066714615058552e-01
2.847606531589663148e-01
2.553215945093537664e-01
2.954061916789549880e-01
1.853920453212185016e-01
2.153154480057408171e-01
2.060432782223646508e-01
2.397628872831845115e-01
1.954555736114561293e-01
2.264081075397717524e-01
2.678545490562226905e-01
1.717792090236227864e-01
2.224883053205317651e-01
2.255372995757837506e-01
2.078613316786492027e-01
2.845746565118199567e-01
1.945425111056871270e-01
2.824234618622730175e-01
1.902761049889994394e-01
2.213549077413427546e-01
2.740470385164178180e-01
2.167539578335470063e-01
1.621838368745248948e-01
2.225826295815600542e-01
1.818459949828269695e-01
2.141588611687855748e-01
2.403602757199619633e-01
1.821783149637727917e-01
2.238251357366585481e-01
2.173296043096949459e-01
1.818063072198260466e-01
2.272356018262834121e-01
2.760915871109437258e-01
2.565558425390960240e-01
2.713247925695252971e-01
2.335710990515391938e-01
2.260883319014489468e-01
2.215840896299350049e-01
1.856232294246107639e-01
2.343906157819884151e-01
2.749969525138094562e-01
2.173091760940734640e-01
2.739622250319354579e-01
1.854551326048040349e-01
2.223339531039842110e-01
2.326101733165460428e-01
1.354539867029279920e-01
1.833444383586962101e-01
2.011177096482307802e-01
2.368799781273848437e-01
2.051935303510716291e-01
2.794590587226440381e-01
1.384244102027089307e-01
2.764731308285260369e-01
2.540937670242711111e-01
1.845042330673082875e-01
1.642619898069536954e-01
2.445317742386663717e-01
2.609191867187515279e-01
2.728482977043931168e-01
2.088129674044455486e-01
2.419633232132925582e-01
1.881825372752006231e-01
2.760229068256127571e-01
2.811952496513330235e-01
2.446923854556125877e-01
2.190874770111814196e-01
1.471069005618872716e-01
2.122235039739105433e-01
2.066723780656838372e-01
1.834337391511042248e-01
2.904689045386100732e-01
2.772874958142754753e-01
2.917534883221331587e-01
2.379327848326974471e-01
2.703852541798204001e-01
3.220956623336694302e-01
1.950725298668034013e-01
2.845642817349184894e-01
1.980940582169064823e-01
1.649033557402752315e-01
1.954984314762082120e-01
2.310136625530543053e-01
1.641455906028739808e-01
2.137791511720093518e-01
1.934083794415855651e-01
1.999656308022784434e-01
3.031118539954640312e-01
2.728090276691468308e-01
1.714307347829639450e-01
2.559515556549735171e-01
2.637431063087758987e-01
2.717060363332283179e-01
2.349484802147643880e-01
