2.852798639635534816e-01
2.847035581418549954e-01
2.854693371523489565e-01
2.852845343593831684e-01
2.848906131836799194e-01
2.852890330511360095e-01
2.846657219639806002e-01
2.847006911927988937e-01
2.860662059445869265e-01
2.854693371523489565e-01
2.852962033702096112e-01
2.848769865885216745e-01
2.848520104241881734e-01
2.848906131836799194e-01
2.855700999902567871e-01
2.848556998336783663e-01
2.854742833393163481e-01
2.854648110756168311e-01
2.848870825583595390e-01
2.850330266581548866e-01
2.852939579365602607e-01
2.859311270410912487e-01
2.852802866450972474e-01
2.848501832902411990e-01
2.852357777139958861e-01
2.854235972044998904e-01
2.848977963243203848e-01
2.846601454836943934e-01
2.852836212086625745e-01
2.852420340978165103e-01
2.852812914445529979e-01
2.856056102958427489e-01
2.848866492474827483e-01
2.852377618664592718e-01
2.852479058246271126e-01
2.847012906893536810e-01
2.852781754108288381e-01
2.856097291608357125e-01
2.848478017435543963e-01
2.854520126277025338e-01
2.847052930487237732e-01
2.848556998336783663e-01
2.846951511018733227e-01
2.854763522289518463e-01
2.854263813032471564e-01
2.847102924915735911e-01
2.848940759847569115e-01
2.854161709596285679e-01
2.846956602844780138e-01
2.846986030098315745e-01
2.848906131836799194e-01
2.854742833393163481e-01
2.854663412183549021e-01
2.852680284199511362e-01
2.852829934332120065e-01
2.847052930487237732e-01
2.848554250015339906e-01
2.848468228387540657e-01
2.855738119721352719e-01
2.848906131836799194e-01
2.847037417365572143e-01
2.855706783849944475e-01
2.848392708644253979e-01
2.852847048271560104e-01
2.852904821069350838e-01
2.852798639635534816e-01
2.854307775261908930e-01
2.847088082696744293e-01
2.852890330511360095e-01
2.848927485528862102e-01
2.852855978927308356e-01
2.853697690988694635e-01
2.854043060465572546e-01
2.848072910432213889e-01
2.846506636886856345e-01
2.852767862831231405e-01
2.849991258150378903e-01
2.852680284199511362e-01
2.847102924915735911e-01
2.847161514888140177e-01
2.852798639635534816e-01
2.848938849215664759e-01
2.847109354016672533e-01
2.854289624511793799e-01
2.852847048271560104e-01
2.848860028667972721e-01
2.854606114912213166e-01
2.847088082696744293e-01
2.854278549829981082e-01
2.852860584141424516e-01
2.846585036591062767e-01
2.854693371523489565e-01
2.853714487309492176e-01
2.854658867245873366e-01
2.854658867245873366e-01
2.853783056492075754e-01
2.856094006370206162e-01
2.854693371523489565e-01
2.852798639635534816e-01
2.855656764043225659e-01
