2.378745299860825502e-01
2.373122725070727079e-01
2.382866540356206042e-01
2.379648595589407001e-01
2.377091679524814816e-01
2.379910682153493773e-01
2.372727966068261529e-01
2.373034934366023974e-01
2.389945271649830394e-01
2.382866540356206042e-01
2.380278638247900480e-01
2.376548373419216931e-01
2.376520767340749851e-01
2.377091679524814816e-01
2.383995672369065566e-01
2.376716376343767922e-01
2.383083296005294449e-01
2.382604491986786421e-01
2.376905676626709096e-01
2.379472820043668224e-01
2.380127989951624223e-01
2.387827099867790015e-01
2.378699505174428908e-01
2.376442312274967827e-01
2.377532132820074084e-01
2.381969294738229825e-01
2.377448670755260562e-01
2.372632677599192663e-01
2.379579713568634181e-01
2.377647943592987867e-01
2.378777646363061660e-01
2.384922633762114053e-01
2.376882451933986229e-01
2.377400508665034329e-01
2.377985798212503554e-01
2.373712373639388640e-01
2.378672652503297236e-01
2.385148926945575287e-01
2.375767685709159471e-01
2.382119921385693062e-01
2.373921389469467458e-01
2.376716376343767922e-01
2.372720384436668994e-01
2.383212804172657184e-01
2.381496528034936500e-01
2.374141705563108662e-01
2.377257700264821805e-01
2.381581855852342167e-01
2.372674851592297129e-01
2.372903247339271104e-01
2.377091679524814816e-01
2.383083296005294449e-01
2.382638053820536339e-01
2.378311715616260869e-01
2.378884075079470695e-01
2.373921389469467458e-01
2.376084962761229047e-01
2.376293730610566091e-01
2.384267604726434953e-01
2.377091679524814816e-01
2.373866812344935240e-01
2.384035606454814882e-01
2.375207979059968944e-01
2.378958352705390356e-01
2.379943590213836890e-01
2.378745299860825502e-01
2.381750198024414344e-01
2.374107975620957933e-01
2.379910682153493773e-01
2.377225484189131877e-01
2.379729671075745956e-01
2.380864360961986448e-01
2.380523478909694068e-01
2.375084965089428457e-01
2.371456933346892948e-01
2.378503649561219679e-01
2.378671862830867290e-01
2.378311715616260869e-01
2.374141705563108662e-01
2.374487559853071528e-01
2.378745299860825502e-01
2.377237050523687001e-01
2.374242359015011350e-01
2.381620132281581648e-01
2.378958352705390356e-01
2.376823000393988305e-01
2.382600223498700098e-01
2.374107975620957933e-01
2.381530139943191238e-01
2.379682164905055353e-01
2.371654016109014107e-01
2.382866540356206042e-01
2.380936904247177022e-01
2.382686054017079669e-01
2.382686054017079669e-01
2.379875143863882936e-01
2.385202196779948602e-01
2.382866540356206042e-01
2.378745299860825502e-01
2.383822827561578317e-01
