1.120663565645390047e-01
9.680190824198052491e-02
1.201525112228170739e-01
1.899350766632388610e-01
1.175520120790004563e-01
1.276480502711553056e-01
1.047205058164724645e-01
1.229680701016807737e-01
1.308128489826201890e-01
1.098453652503761230e-01
1.206139743936251729e-01
1.206777201473874239e-01
1.899350766632388610e-01
1.023072623186654373e-01
1.899350766632388610e-01
1.176677686312165433e-01
1.222423130999076984e-01
1.071229541445804234e-01
1.899350766632388610e-01
1.167325544211404442e-01
1.899350766632388610e-01
1.101335581863988194e-01
1.220930876840752993e-01
9.893127982574238810e-02
1.259365203766019126e-01
1.215508547429003661e-01
1.068509302611684447e-01
1.009635501418545273e-01
9.886687264227325689e-02
9.868340842819225966e-02
1.899350766632388610e-01
1.094408970206911108e-01
9.902812664830150380e-02
1.094496884325346364e-01
1.138458952570473720e-01
1.899350766632388610e-01
1.205682787534481798e-01
1.195591901894711567e-01
1.060844790533591042e-01
1.147643806519525467e-01
1.899350766632388610e-01
9.864321163773323575e-02
1.162296845880883972e-01
9.853928550886653648e-02
1.059679080765264236e-01
1.182129248904449370e-01
1.204165875903144972e-01
1.180597825410357599e-01
1.899350766632388610e-01
1.291867898376228840e-01
1.259250597363271440e-01
9.376445417887653566e-02
1.059418326937162369e-01
1.899350766632388610e-01
1.029564063600221790e-01
1.268025100712349973e-01
1.184079792423795019e-01
1.185654621745976800e-01
9.561984092704960136e-02
1.223179385318752810e-01
1.109649522974079927e-01
1.257392230936510424e-01
1.206819443792559871e-01
1.123150335466193972e-01
1.250227045312589935e-01
1.068282104690660012e-01
1.242712237225434141e-01
9.783661096946438818e-02
1.899350766632388610e-01
1.127230370640311813e-01
1.182850505022441240e-01
1.109702336196946720e-01
9.547309607742084092e-02
1.154282654645226586e-01
1.156439085796690941e-01
1.042673786387826873e-01
1.115758747296791698e-01
9.421016829349607158e-02
1.263812966093094958e-01
1.249359659159438030e-01
1.899350766632388610e-01
1.272439061524037185e-01
1.294686819347804219e-01
9.592082449470278049e-02
1.899350766632388610e-01
1.144613846543944824e-01
1.175134498477345552e-01
1.186985374007619859e-01
1.194598771839535389e-01
1.201881698688101602e-01
1.308443871497226574e-01
1.300471435379055296e-01
1.063851362784918597e-01
1.126488655213861434e-01
1.295012082100481798e-01
1.181309869828704312e-01
1.260815337399069924e-01
1.285711338569759943e-01
1.045610637839154006e-01
1.155148971786122969e-01
