1.608904362025239398e-01
1.548258509427709595e-01
1.370968528254012386e-01
1.838918794745929841e-01
1.654416210935093223e-01
1.557110552656678637e-01
1.750581103471015032e-01
1.580434078215759985e-01
1.650534641377874034e-01
1.471060019756279535e-01
1.692500623359811385e-01
1.526228510864796051e-01
1.704497763222328210e-01
1.577322024781316612e-01
1.757315582326449965e-01
1.831266098797497688e-01
1.634807402585291281e-01
1.601547446266585462e-01
1.763255900792552733e-01
1.587491127766191557e-01
1.683255733717049230e-01
1.692727934000117507e-01
1.451222524106685619e-01
1.496231082411535462e-01
1.731654572748890508e-01
1.785215565284497818e-01
1.586102325719550288e-01
1.548418124094172454e-01
1.638722846813997491e-01
1.639784818935916821e-01
1.771313216345004327e-01
1.573899539449123419e-01
1.542288272001691163e-01
1.500670469641314508e-01
1.659201537062379161e-01
1.680038232001642151e-01
1.795161312046842927e-01
1.569584451198581532e-01
1.703644967398443844e-01
1.383985635067569997e-01
1.754817360569802809e-01
1.637492532731785189e-01
1.571206441517040697e-01
1.628154612835812920e-01
1.643580540381617827e-01
1.830636147150157822e-01
1.595810667665575333e-01
1.593085752514294684e-01
1.650171769763740526e-01
1.752711965982915732e-01
1.539186104506098385e-01
1.619443524097576581e-01
1.718496619806979542e-01
1.714655793204942491e-01
1.579795943328292929e-01
1.484641622039580833e-01
1.751823021424350202e-01
1.653291347265408440e-01
1.594795611046853356e-01
1.655648595123224986e-01
1.387919377763088824e-01
1.359651821670710414e-01
1.491360280266101623e-01
1.759655591454208912e-01
1.506718973478145540e-01
1.572562075488860289e-01
1.675653443121846997e-01
1.615766261300621287e-01
1.734033059298973611e-01
1.492780586444079349e-01
1.680083476843436674e-01
1.461216027371764759e-01
1.481015093229302304e-01
1.639478434317637179e-01
1.656542378023252993e-01
1.748225957875896019e-01
1.602318003008406377e-01
1.658494406948448630e-01
1.610817208032987169e-01
1.608996811775891267e-01
1.654205793958020143e-01
1.549933845104110586e-01
1.698901241413162955e-01
1.627669723372408284e-01
1.656521696582027026e-01
1.571733415631877406e-01
1.705043487700667049e-01
1.528424057164824712e-01
1.529926802122295315e-01
1.703920196088010153e-01
1.621396708098993000e-01
1.747267871367481074e-01
1.501785550750522336e-01
1.659532025904414398e-01
1.754873134192270756e-01
1.688014747888041955e-01
1.480314774723326121e-01
1.708504922041473861e-01
1.545050861486507998e-01
1.779123357797785798e-01
