1.105249346183114767e-01
1.071484609093491108e-01
1.138737125666015454e-01
9.906896481999380444e-02
1.117957211095158554e-01
1.217903886094021115e-01
1.003746197551655811e-01
1.000236651203915555e-01
1.217903886094021115e-01
1.010199909495978071e-01
1.031600062880632385e-01
1.033293985556613115e-01
1.217903886094021115e-01
1.018101250708471073e-01
1.026741308884450282e-01
1.217903886094021115e-01
1.000350670272807524e-01
1.036764232031936600e-01
1.138678305508268457e-01
1.023360834222795390e-01
1.172387089988295578e-01
1.217903886094021115e-01
1.050539177882665598e-01
1.024414194847622084e-01
1.037563465986646588e-01
9.826221790838471359e-02
1.046007016005154749e-01
1.006691145244215935e-01
1.072980038671874636e-01
1.034745627261262624e-01
9.972494191402428432e-02
1.013707915324728176e-01
1.151370559647059977e-01
1.017087967694362827e-01
1.088597680668040441e-01
1.217903886094021115e-01
1.003333445421757814e-01
1.064739311037844610e-01
1.042022401479193450e-01
1.008344085733660356e-01
1.217903886094021115e-01
1.217903886094021115e-01
1.038426557550192753e-01
1.217903886094021115e-01
1.011852539062286366e-01
1.217903886094021115e-01
1.217903886094021115e-01
1.019257534953192657e-01
1.049120615322871319e-01
1.103868209463734762e-01
1.026334915467994185e-01
1.217903886094021115e-01
1.020122416345792121e-01
1.033678609404202198e-01
1.217903886094021115e-01
1.217903886094021115e-01
1.006048047124246669e-01
1.217903886094021115e-01
1.041413862209912972e-01
9.958340358450218366e-02
1.217903886094021115e-01
1.014881816447911617e-01
1.022441787013709941e-01
1.131471301646276573e-01
1.217903886094021115e-01
1.064132290695196104e-01
1.023053775331629056e-01
1.217903886094021115e-01
1.217903886094021115e-01
1.025967258423659684e-01
1.217903886094021115e-01
1.063694728728071109e-01
1.132992881378521860e-01
1.012335019299601402e-01
1.047509572626519614e-01
1.074633479342837483e-01
1.040447963484716909e-01
1.058051901148655133e-01
1.217903886094021115e-01
1.011049385374735293e-01
9.866834672852310695e-02
1.217903886094021115e-01
9.900207628114911229e-02
1.011564940028706477e-01
1.058285624924387852e-01
1.054509750239424060e-01
9.853605457017697300e-02
1.217903886094021115e-01
1.002667504135865140e-01
1.070913633931367404e-01
9.949345358244444937e-02
9.831803991281438948e-02
1.085792232910244154e-01
1.047128012993024937e-01
1.217903886094021115e-01
1.033554894951860675e-01
9.980987861727620702e-02
9.986466425080282872e-02
1.141190933969190163e-01
9.950724117146945991e-02
