2.918459383935789742e-01
2.996043671457360724e-01
3.011231785840029485e-01
3.021953412529039262e-01
2.918459383935789742e-01
2.918459383935789742e-01
3.018568468411526595e-01
2.918459383935789742e-01
2.918459383935789742e-01
2.918459383935789742e-01
2.918459383935789742e-01
3.031368983274003170e-01
3.005415515923800518e-01
2.918459383935789742e-01
3.008834521486773994e-01
3.010818048895300691e-01
2.918459383935789742e-01
3.020708079997894702e-01
2.918459383935789742e-01
2.918459383935789742e-01
2.918459383935789742e-01
3.029148681014011135e-01
2.981904652899748931e-01
2.918459383935789742e-01
2.918459383935789742e-01
2.918459383935789742e-01
2.918459383935789742e-01
2.918459383935789742e-01
3.031383472001829005e-01
2.918459383935789742e-01
3.017963137731016210e-01
2.982683186617806625e-01
2.918459383935789742e-01
2.918459383935789742e-01
3.022149315418293791e-01
3.029725869315061382e-01
2.918459383935789742e-01
3.032836917956991951e-01
2.918459383935789742e-01
3.019953736615426099e-01
2.918459383935789742e-01
2.998360000685117432e-01
2.918459383935789742e-01
3.014443731719144148e-01
2.918459383935789742e-01
3.017081119072017037e-01
2.991295141484063280e-01
2.993581696262732628e-01
2.918459329512505529e-01
2.918459383935789742e-01
2.918459383935789742e-01
2.918459383935789742e-01
2.918459383935789742e-01
2.918459383935789742e-01
3.021548790728913469e-01
2.918459383935789742e-01
3.007094029735867258e-01
2.918459383935789742e-01
2.918459383935789742e-01
2.918459383935789742e-01
3.011326592290649584e-01
3.022465265568482495e-01
2.918459383935789742e-01
3.015443019023997806e-01
3.027314917497025970e-01
2.918459383935789742e-01
2.918459383935789742e-01
2.994178957141887532e-01
2.918459383935789742e-01
3.002563505327048299e-01
3.031621951952179761e-01
3.031378706454098126e-01
2.918459383935789742e-01
2.918459383935789742e-01
2.918459383935789742e-01
3.031521599164906933e-01
2.918459383935789742e-01
3.007439949657983447e-01
3.005290966376344963e-01
3.015672705503530948e-01
2.918459383935789742e-01
3.009910893179627567e-01
3.016044237514910464e-01
2.918459383935789742e-01
2.918459383935789742e-01
3.009163376469500273e-01
3.005506626955242178e-01
3.007804787162293159e-01
2.918459383935789742e-01
3.016650773112483086e-01
2.918459383935789742e-01
2.918459383935789742e-01
3.028762943133623819e-01
2.995404474156446173e-01
3.029110635394270390e-01
3.018385570163967246e-01
2.918459383935789742e-01
3.007778471823083222e-01
2.918459383935789742e-01
3.016366076338066193e-01
