3.998826319163312770e-01
4.007655248584309216e-01
3.727811780255121943e-01
4.022253031090288755e-01
3.988746658177592663e-01
3.927626869202934801e-01
4.025353132893148556e-01
3.972117678729061296e-01
4.015686818755520027e-01
4.019111105859157762e-01
4.013638753072300003e-01
4.000408010890461608e-01
4.013850687417030438e-01
4.010000141338697088e-01
4.004419396021364208e-01
4.013992097538754966e-01
4.002273011179777740e-01
4.003372784594461664e-01
4.024038447429355569e-01
3.963502084273571868e-01
4.005595299027251421e-01
3.994152071831772455e-01
3.974162325047493338e-01
3.958126731803526255e-01
3.975241947743947679e-01
3.998774233581985915e-01
4.006859874265615296e-01
4.022082518121016803e-01
3.982399444300237512e-01
3.994488534837182248e-01
4.005796315088289705e-01
3.933212663330635239e-01
3.970542888941190895e-01
3.901743451568321364e-01
3.985087358821505776e-01
4.013001835032992126e-01
3.997985561771948970e-01
3.924438134470798478e-01
4.018383335939751388e-01
3.988248860941998597e-01
3.761164750418517499e-01
3.997610341634951214e-01
3.944627201279925499e-01
3.896138397526653918e-01
3.982497603271608622e-01
4.021075886553787115e-01
4.005405113769149872e-01
3.981465994992732793e-01
3.987926164292437403e-01
4.007852116212367033e-01
3.997296110646388345e-01
3.955861334650980221e-01
3.773970049840070784e-01
4.005852919769663512e-01
4.058415918826536184e-01
3.958872366554263555e-01
4.007063381257785495e-01
3.787356767081951903e-01
4.007812547125815805e-01
4.004770221943350084e-01
3.980627513002764628e-01
3.606613223988125450e-01
3.905697294451276336e-01
3.923127124157588796e-01
3.969656577009558207e-01
4.017380799849255557e-01
3.915956538914841523e-01
3.879086957936205837e-01
3.987287915680359229e-01
4.021265758980437921e-01
3.991679831070962803e-01
3.683705998989437735e-01
4.006098375599999595e-01
4.020742406417226467e-01
4.021873223411699394e-01
3.934726535200620545e-01
4.005126720780706195e-01
4.004924767929502472e-01
3.982587420975204351e-01
3.899008932179734432e-01
3.747368131390456658e-01
4.019324779442318696e-01
3.985991221763371395e-01
4.004423186918141253e-01
4.006986574782324118e-01
3.985623973218500038e-01
3.983630493863375421e-01
3.874278727203975814e-01
3.906651429435977763e-01
4.051047898193919639e-01
3.995861715263424596e-01
4.002880851140559471e-01
4.012315376536076394e-01
3.987140032127177158e-01
3.997277430609552096e-01
4.001132033381234465e-01
4.014686717882895994e-01
4.020742173790142759e-01
3.916243715161462080e-01
3.998098691451523190e-01
