1.828099194837311259e-01
1.832384072346217863e-01
1.846172199180256546e-01
1.835322907704196593e-01
1.839252178593934195e-01
1.841548895564549537e-01
1.841537178050735024e-01
1.800867902928657838e-01
1.793503817948781387e-01
1.793738733558065124e-01
1.759669993066664828e-01
1.840636266981233449e-01
1.836466151820562165e-01
1.839769956734818857e-01
1.793470013878749603e-01
1.844493351383788560e-01
1.843775891481795326e-01
1.844936466861965552e-01
1.818131204464411010e-01
1.832498106336496735e-01
1.817983839625148257e-01
1.842115670729085886e-01
1.834351632466680315e-01
1.759026237170216445e-01
1.795185218197589971e-01
1.793886644126420904e-01
1.793496386748495708e-01
1.798754390708769413e-01
1.619181025271507757e-01
1.795032005230786376e-01
1.773709986707697472e-01
1.757731595734919050e-01
1.826605000851894145e-01
1.750092817819568214e-01
1.834294221928317870e-01
1.817993095774276258e-01
1.830442926106868595e-01
1.795391139958394389e-01
1.793342906265181780e-01
1.722755678005638558e-01
1.827023288611641094e-01
1.773365703893294287e-01
1.750133333784510692e-01
1.793689356798566781e-01
1.772552694608624801e-01
1.773162214142914583e-01
1.761206288856741464e-01
1.773055642833459011e-01
1.730485307643603865e-01
1.839222202143797336e-01
1.772870515574037353e-01
1.633937156267571689e-01
1.774611665370127989e-01
1.621334010554762450e-01
1.793173652812889429e-01
1.836880193969909203e-01
1.772781871424327638e-01
1.831849417210139608e-01
1.788739002429768910e-01
1.773325216347351185e-01
1.828051323711601395e-01
1.811717509102202528e-01
1.783414784520670482e-01
1.788058673136807553e-01
1.835245120724489920e-01
1.834015040785388073e-01
1.662774108079940194e-01
1.793533985519178142e-01
1.773321283365443257e-01
1.681753449364174757e-01
1.844149283156692465e-01
1.754874696556675551e-01
1.739788508071133111e-01
1.836747177581485868e-01
1.793594431151268320e-01
1.756736119345951030e-01
1.772732570350191994e-01
1.828857683467095818e-01
1.738845937319593027e-01
1.841833868080761105e-01
1.840951946064511846e-01
1.840119179593260046e-01
1.751224513186886711e-01
1.848260194560809311e-01
1.844324448539448602e-01
1.836072713977616733e-01
1.794402142597623928e-01
1.840077160827739144e-01
1.793644254272317162e-01
1.793647761839452792e-01
1.837347235347626950e-01
1.839319933999366274e-01
1.827657945602469414e-01
1.793281297044380662e-01
1.793692334564334356e-01
1.773596556844512506e-01
1.773159314065862191e-01
1.773086513491356764e-01
1.853080250508420124e-01
1.718937998302662029e-01
