2.832346810821180227e-01
2.712453462259494241e-01
2.698675560629083536e-01
2.984886517228215741e-01
2.895185991477431942e-01
2.780038116076535837e-01
2.926668719779677574e-01
2.756270371429335730e-01
2.925574450448860664e-01
2.668820275799138608e-01
2.813962801059460839e-01
2.944549622791210464e-01
2.901083455727858085e-01
2.927428176107805258e-01
2.832395650919402041e-01
2.780759870596306027e-01
2.809082378175841721e-01
2.845457977094705271e-01
2.976009836366521610e-01
2.929367050698837294e-01
2.769182515011087697e-01
2.777180291370023313e-01
2.903257969947342643e-01
2.637932644163574758e-01
2.933051904692756673e-01
2.910903332870891647e-01
3.001703124989264504e-01
2.940178541182427163e-01
2.734921129156336894e-01
2.810354167104645029e-01
2.873049099478612312e-01
2.762970210860887232e-01
2.772024469799110880e-01
2.666802751841902408e-01
2.717221766679941974e-01
2.799002064442097093e-01
2.947661450186821464e-01
2.840049445526383054e-01
2.788661962018319507e-01
2.539772139375247595e-01
3.037767871576484424e-01
2.953713046613081206e-01
2.909629679679505143e-01
2.872805812083442656e-01
2.642091450425709254e-01
2.875865791710082164e-01
2.888389054269623335e-01
2.809896697403076460e-01
2.767511717432771801e-01
2.877509728393572441e-01
2.999189149903380702e-01
2.788868262064719272e-01
2.755477732744502362e-01
2.948964879180972498e-01
2.829903133153233719e-01
2.898985480590555164e-01
2.854887250612104244e-01
2.946059746426498704e-01
2.807205150196516175e-01
2.889905916855050050e-01
2.509658546448576000e-01
2.694118978941790199e-01
2.545092652941515765e-01
2.743501031433510096e-01
2.619448737337244371e-01
2.645103213236641992e-01
2.887111108002430315e-01
2.991149260977065683e-01
2.791016327410814624e-01
2.914332791615720231e-01
2.856390304769023669e-01
2.512405659705500005e-01
2.835458575931182335e-01
2.988656722635501528e-01
3.019334110705422236e-01
2.766565623858481815e-01
2.745617104199364888e-01
2.970879495079731814e-01
2.696526126586643035e-01
2.799362121357373279e-01
2.975922508240458897e-01
2.885060559761242205e-01
2.857088097992553921e-01
2.692602542498564455e-01
2.857062472232617667e-01
2.622234790389818548e-01
2.860866072543862826e-01
2.882294229569284383e-01
2.887257137611871638e-01
2.784635314812152762e-01
2.891512864001647420e-01
2.872018317450700797e-01
2.661391727348301761e-01
2.926213044777273287e-01
2.999899962360804695e-01
2.913343469532704288e-01
2.751917945396755716e-01
2.775072436851475643e-01
2.902558701170519506e-01
2.919000933197572478e-01
