3.245443454325455113e-01
3.356842585515826816e-01
2.774494178866135363e-01
3.275664573109993705e-01
3.249344287420782296e-01
3.212781920109392120e-01
3.363429180913580230e-01
3.105888605888017517e-01
3.172402742850124469e-01
2.810218899719871266e-01
3.233799967907468598e-01
3.296692606616136167e-01
3.145644289005603556e-01
3.421597641419709124e-01
3.117794108057513891e-01
3.270457204747154178e-01
3.412627246996930430e-01
3.075863881697250557e-01
3.329070916523784729e-01
3.288660536315470284e-01
3.305197920376296006e-01
3.208961317144744529e-01
3.137886906045825319e-01
3.116007221856688103e-01
3.435775401822802055e-01
3.333900526272551290e-01
3.302814199802709405e-01
3.364199333149194837e-01
3.427035720016034515e-01
3.237663958228779171e-01
3.289793056096418922e-01
3.274777995307533995e-01
3.267386340493474428e-01
2.773836180003453888e-01
3.160118928949036676e-01
3.272164350981634495e-01
3.370889449825609230e-01
3.196855613262695184e-01
3.230907217939820164e-01
2.917799088404779417e-01
3.201758333216412344e-01
3.350827805408392313e-01
3.311205343807570034e-01
3.069117088240485014e-01
3.043750811166052728e-01
3.203258633678486844e-01
3.222692924289963790e-01
2.785750728353760253e-01
3.288019602078395831e-01
3.287785628140745819e-01
3.370646936502810220e-01
3.141974880216007460e-01
3.421736665692896584e-01
3.246588581011756180e-01
3.236524108445010817e-01
2.997151739207439269e-01
3.296156363050691818e-01
2.902359573728342523e-01
3.224396633546097735e-01
3.020914345757761410e-01
2.975682326636607256e-01
3.197380223704426316e-01
3.044456706353775299e-01
3.260034686008356219e-01
2.712446656319470462e-01
3.283151113934894005e-01
3.268029260298297434e-01
3.222076912875653232e-01
3.306050610120392919e-01
3.115402694433768715e-01
3.201167517045445110e-01
2.777841309553973903e-01
3.285158312995842267e-01
3.214772500570857727e-01
2.987224398613196885e-01
3.151557375038552822e-01
3.042510219663994153e-01
3.418087613501336053e-01
3.063173483144239762e-01
3.529591765274159854e-01
3.628079019847348374e-01
3.254470980753705334e-01
3.245505009029017729e-01
3.338784461047935581e-01
2.996497585783932105e-01
2.884624525815223106e-01
3.131919040214759531e-01
3.294190748880392872e-01
3.304566614794813839e-01
3.362864148346875193e-01
3.018204917049734370e-01
3.290606549422825933e-01
3.228972439507337144e-01
3.145119827190924755e-01
3.439341541189651630e-01
3.255461548045716635e-01
2.914454188369753340e-01
3.417446341089481754e-01
3.327275490548212145e-01
3.297739360074058435e-01
