8.914283978820829180e-02
9.154931990626102856e-02
9.459199884631529220e-02
8.732696344302059988e-02
9.228883712450937360e-02
9.228883712450937360e-02
9.228883712450937360e-02
9.071052291965836512e-02
9.228883712450937360e-02
9.228883712450937360e-02
9.228883712450937360e-02
9.095236726663195881e-02
9.228883712450937360e-02
9.128373436360692761e-02
9.113409329656357860e-02
9.228883712450937360e-02
8.814423026149464935e-02
8.970470875372137110e-02
9.189692520602911474e-02
9.090153619664546880e-02
9.226237755957700237e-02
9.228883712450937360e-02
9.228883712450937360e-02
9.000480146248125701e-02
9.099863451880065013e-02
9.228883712450937360e-02
9.228883712450937360e-02
9.228883712450937360e-02
8.964458520655514684e-02
9.004362194334483704e-02
8.846809945171232870e-02
9.228883712450937360e-02
9.169472372755436973e-02
9.373527124045891168e-02
9.148268033167705759e-02
9.228883712450937360e-02
8.978137101211861038e-02
8.990169507907901092e-02
9.014202941481706810e-02
9.228883712450937360e-02
9.228883712450937360e-02
9.228883712450937360e-02
9.228883712450937360e-02
9.228883712450937360e-02
9.228883712450937360e-02
9.228883712450937360e-02
9.228883712450937360e-02
8.978445966730974614e-02
8.933097108690138399e-02
9.127546537125268145e-02
9.228883712450937360e-02
9.228883712450937360e-02
8.996899676425691716e-02
8.948341026642780971e-02
9.228883712450937360e-02
9.228883712450937360e-02
9.228883712450937360e-02
9.228883712450937360e-02
9.149229269704636791e-02
9.228883712450937360e-02
9.228883712450937360e-02
8.995431690960443982e-02
9.458139643184017287e-02
8.928774473004517931e-02
9.228883712450937360e-02
8.957371683155013198e-02
9.228883712450937360e-02
9.228883712450937360e-02
9.228883712450937360e-02
9.228883712450937360e-02
9.228883712450937360e-02
8.821293492675337522e-02
8.978022437296702407e-02
9.093173111993990698e-02
9.000895963539980171e-02
9.123114834635469295e-02
9.127781428560244326e-02
9.304981637300657749e-02
9.228883712450937360e-02
9.228883712450937360e-02
9.228883712450937360e-02
9.228883712450937360e-02
9.228883712450937360e-02
9.026469357033639618e-02
8.868116172439588496e-02
9.005786930361280029e-02
8.965672076439538951e-02
9.228883712450937360e-02
8.913942296591695347e-02
9.051877495674554019e-02
8.952605232041215000e-02
9.228883712450937360e-02
9.198995101845289235e-02
8.970086795636789123e-02
9.228883712450937360e-02
9.161434942893310895e-02
8.902208147283069417e-02
8.974447789377233697e-02
9.100369562671424550e-02
8.871400881337526689e-02
