8.660039457926249629e-02
8.710663077983069047e-02
8.423863578679878505e-02
8.800598062360477647e-02
8.533618870740478091e-02
8.597739389535215271e-02
8.610185416006752024e-02
8.838424349230274146e-02
9.064122081380457385e-02
8.864994734667404341e-02
8.636994130538429293e-02
8.354755991059908959e-02
8.833562916009417287e-02
8.388049944236702915e-02
8.691901976515424566e-02
8.853950980019092976e-02
8.824909158054614067e-02
9.230431593921267774e-02
8.854140499838854261e-02
9.743789568663135947e-02
8.839337248712422768e-02
8.304877924040339476e-02
8.950356101104248174e-02
8.311199827271739671e-02
8.814720942910707346e-02
8.702192570504595215e-02
8.578693753105162689e-02
8.838974715759984058e-02
8.304899778603713756e-02
8.244745017029604661e-02
8.886128792549569111e-02
8.481305374044484369e-02
8.549115929570556827e-02
8.340195784832918346e-02
8.441570867723982574e-02
8.348002872618744130e-02
9.060133712492753066e-02
8.285375545643930417e-02
8.353942429979155371e-02
8.929211520164924420e-02
8.553055831211031634e-02
8.261208206888316641e-02
9.989235597099020703e-02
8.178002812022955315e-02
8.619226232222676476e-02
9.061221327473843734e-02
8.658089757070346060e-02
9.374302812382895311e-02
8.206516797050000811e-02
8.873291151956369527e-02
8.817926185097563208e-02
8.463357369337119740e-02
8.698672939819432348e-02
8.612726694960452789e-02
9.325079844881546676e-02
8.314943973782082387e-02
8.876573373027217551e-02
8.749222015027012522e-02
8.325289501226121325e-02
8.862060822851261510e-02
8.388622693736177971e-02
8.647690611810428252e-02
8.333406635251744410e-02
8.372204207744037008e-02
8.521417157540146781e-02
9.713015743866014462e-02
8.549659773148289565e-02
8.425621848693241878e-02
8.780181455910063271e-02
8.292052075894090768e-02
8.684866344935401883e-02
8.998869971223190378e-02
8.224466694692687818e-02
8.814271689702314616e-02
8.841594438249709975e-02
8.781476837063488528e-02
8.133563226926195100e-02
8.419366859569223094e-02
8.237563859696769852e-02
8.402090659456169786e-02
8.767553763719879156e-02
8.453741240248582867e-02
8.857691204186708689e-02
8.709021434499331082e-02
8.795953764907303574e-02
8.823496615375808760e-02
8.422753684663877860e-02
8.675935925490001199e-02
8.827524436706013500e-02
8.867297245072448819e-02
8.782525539455501851e-02
8.880716967785584615e-02
8.534319151322439234e-02
8.818835378714773299e-02
8.818648045036223126e-02
8.633882360898272046e-02
8.713667245757493462e-02
9.443323674229295306e-02
8.537145283887295766e-02
8.928563115123450133e-02
