2.742391970647294341e-01
2.748566815941841379e-01
2.882984374280883055e-01
2.731320003345466541e-01
2.743052017753012106e-01
2.726549416218109756e-01
2.740562859340691659e-01
2.938950395254907311e-01
2.728225251190777301e-01
2.742386476495121683e-01
2.937707647941297795e-01
2.727837946194638374e-01
2.731804754445429362e-01
2.878313777117046390e-01
2.740363041892561191e-01
2.739142031921658060e-01
2.731297249593680476e-01
2.727551567188514769e-01
2.726952533860822481e-01
2.727395878367064874e-01
2.731272606376241585e-01
2.753658427935670727e-01
2.739159753252860541e-01
2.817237536409851195e-01
2.727578703494564216e-01
2.732399898020174134e-01
2.731903390955021105e-01
3.241228478760708742e-01
2.895318727500179601e-01
2.807395893030106837e-01
2.743913054033775833e-01
2.867328494758978330e-01
2.809773025665808777e-01
2.796690465828479688e-01
2.773039213500758104e-01
2.823858763167703678e-01
2.731835187277268373e-01
2.808971064241043147e-01
2.739808721228816912e-01
2.740710296916806787e-01
2.865423125641936020e-01
2.731326226161992499e-01
2.731819127354978560e-01
2.751144684256547901e-01
2.727568648538191143e-01
2.807395863213903442e-01
2.801912369788369661e-01
2.771993173953886114e-01
2.899458844726925943e-01
2.728090643976621155e-01
2.728204747669039087e-01
2.726993799998100321e-01
2.937622480567797512e-01
2.727973625474520714e-01
2.925336411048317098e-01
2.806978543049917785e-01
2.733233024339629114e-01
2.901496529758947895e-01
2.808667469223662394e-01
2.728214863681425739e-01
2.728222886506678768e-01
2.822114632303248105e-01
3.437712629876273351e-01
2.731819144447936165e-01
2.786540522571196998e-01
2.742083133469461198e-01
2.728314176255089984e-01
2.792902924094963213e-01
2.731282804619521998e-01
2.728678155860786991e-01
2.728276064808562995e-01
2.883164870498624577e-01
2.740793535496062749e-01
2.733255941820957324e-01
2.727568691857742977e-01
2.808199797603425085e-01
2.807656167976293471e-01
2.730197472246378432e-01
2.800745887105056120e-01
2.742199507068835973e-01
2.765958033139494510e-01
2.727963402195855425e-01
2.774024462325332396e-01
2.808699190144308688e-01
2.739770642368800635e-01
2.785670077607750317e-01
2.739701076456045326e-01
2.761417180089279499e-01
2.728380052871421380e-01
2.855257264016604624e-01
2.731307133203318416e-01
2.740380549611298733e-01
2.817814172584389154e-01
2.740105523314922964e-01
2.743211554482621883e-01
2.727393443195840761e-01
2.732801887247618411e-01
2.739677033298155151e-01
2.731290086573056608e-01
2.809660065606615631e-01
