4.118356352813696275e-01
3.301364399008482886e-01
3.452682692128431485e-01
3.943379031275591751e-01
4.363817365178986885e-01
4.009752628229382165e-01
3.596378851622711870e-01
4.129046726220059749e-01
3.576188054465703203e-01
4.039342529356479417e-01
3.639239521379835085e-01
4.012095804500604990e-01
3.756144541972512574e-01
4.117967151977728335e-01
3.643230974544605649e-01
3.490572078884172647e-01
3.892758198063066555e-01
3.443798505174323621e-01
4.117959504142551519e-01
4.034894005455781363e-01
3.335348791955672909e-01
3.975969861560034180e-01
4.304534090215685338e-01
4.135611890506861177e-01
4.025210027398815060e-01
4.436556505211454726e-01
3.835909032431402688e-01
4.146404445915174430e-01
3.704974673004193808e-01
4.150104530196825348e-01
3.825229219813360282e-01
4.130434036218453842e-01
3.701786456034446005e-01
3.886181628861618553e-01
4.143115527922072161e-01
3.454013544604804253e-01
4.084331568601224927e-01
4.044919775729397537e-01
3.711124544458632157e-01
3.633535531678574459e-01
3.788755712252903085e-01
4.151486019358027746e-01
4.144906729068772444e-01
4.120004898006687788e-01
3.842862634303510494e-01
4.153625124678040348e-01
4.201740485388800184e-01
3.475597983742457764e-01
4.168612192499377977e-01
3.949834325239480748e-01
3.328379443765048795e-01
4.202686971977180330e-01
3.483234887373948263e-01
4.090382718471051171e-01
4.311227869994072037e-01
4.128180544288693188e-01
3.916042039409454167e-01
3.849039875071746386e-01
4.172530891167756106e-01
4.135664715345839237e-01
3.742898256328229256e-01
4.125686113262616583e-01
3.677296555908664000e-01
3.637751651792779928e-01
4.151724807234107861e-01
3.772396478694187705e-01
4.044226409362710606e-01
3.780404694415420153e-01
4.112258221637419275e-01
4.120929558941328619e-01
4.010192505686734354e-01
3.642252695503300775e-01
4.161175607828870859e-01
3.139352796978956972e-01
3.570060355055765244e-01
3.753618499686790511e-01
3.802333788739226672e-01
4.128565380266412399e-01
4.114736071356406288e-01
4.026913720482212522e-01
3.834487197878466702e-01
4.149303632285681331e-01
4.143486394767048608e-01
4.146293489575776370e-01
4.151598183531287067e-01
3.545476534737423413e-01
4.101382202733092619e-01
3.655139459548211178e-01
4.094513553438449138e-01
3.934213669326061535e-01
4.114737810541055363e-01
3.918256663946390050e-01
3.829852878595719767e-01
3.993621412905126733e-01
4.117633152677075969e-01
3.693660795376732531e-01
3.973316959949333427e-01
4.144636242397742310e-01
4.174521073130107451e-01
4.765345121378974924e-01
