1.482381630264868189e-01
1.449962077790358794e-01
1.513402950365009825e-01
1.515874848514563167e-01
1.393130342326668880e-01
1.513779968090042671e-01
1.522622402243807294e-01
1.497575793364332442e-01
1.496930179514513182e-01
1.498647023957860036e-01
1.546103804477082511e-01
1.517678437928262347e-01
1.496709082247141553e-01
1.508322633258718792e-01
1.348841230906130673e-01
1.490128957848450564e-01
1.493222192424964456e-01
1.348901231163028014e-01
1.518209343346056672e-01
1.370662812162616040e-01
1.522180562649297630e-01
1.502926109503870122e-01
1.502733389405513376e-01
1.432802311505326776e-01
1.521210187451723095e-01
1.511603305204897441e-01
1.516387596349929034e-01
1.539951430408547650e-01
1.511828355394884693e-01
1.509037176269576175e-01
1.484844894356071865e-01
1.539313298666375174e-01
1.478537957374880252e-01
1.480700949839928726e-01
1.496798977773912132e-01
1.470806743626959789e-01
1.415651098647742467e-01
1.502918938678537430e-01
1.524696433459265255e-01
1.491449936263774534e-01
1.492510371894403831e-01
1.486790075896735064e-01
1.343960600696821606e-01
1.515703169671432926e-01
1.522218456556299060e-01
1.511755640097872389e-01
1.509947694609090063e-01
1.502944599625978817e-01
1.455088241022071682e-01
1.484886273482718677e-01
1.510792345774765455e-01
1.457340076873844814e-01
1.456102881734598065e-01
1.441663361480960137e-01
1.347331622892539438e-01
1.509049027191076975e-01
1.520688558504716681e-01
1.509841761848795816e-01
1.489597715628905861e-01
1.521521263556373238e-01
1.452979265921764962e-01
1.350099719586344282e-01
1.362764792995534713e-01
1.431851630298437150e-01
1.499669738643012451e-01
1.525281139696706145e-01
1.480789240454748745e-01
1.513965773576379237e-01
1.490353000727641375e-01
1.441573451138431494e-01
1.511364322510751201e-01
1.341331177758652848e-01
1.465924663274666973e-01
1.484631490642909224e-01
1.511772526200640121e-01
1.518409587860879983e-01
1.490846569485773931e-01
1.524433340147100802e-01
1.509719247801767084e-01
1.525048532680221003e-01
1.479621365112361031e-01
1.491510020321118457e-01
1.511538285130007431e-01
1.376623932508902193e-01
1.503170762324502752e-01
1.490430740337697901e-01
1.484493259783366270e-01
1.510491290005675502e-01
1.484592240562491727e-01
1.511862200346785479e-01
1.511147546312743839e-01
1.496706053442241058e-01
1.364561880046867570e-01
1.490517037095840658e-01
1.520866590211015779e-01
1.518126065612082631e-01
1.378309142429190448e-01
1.371582986563400497e-01
1.444160966407473934e-01
1.516913848586739222e-01
