1.671571420973521349e-01
1.671571420973521349e-01
1.671571420973521349e-01
1.671571420973521349e-01
1.671571420973521349e-01
1.671571420973521349e-01
1.638396081129444293e-01
1.671571420973521349e-01
1.671571420973521349e-01
1.671571420973521349e-01
1.671571420973521349e-01
1.671571420973521349e-01
1.671571420973521349e-01
1.671571420973521349e-01
1.638396081129444293e-01
1.671571420973521349e-01
1.671571420973521349e-01
1.671571420973521349e-01
1.671571420973521349e-01
1.671571420973521349e-01
1.671571420973521349e-01
1.671571420973521349e-01
1.604129319257601716e-01
1.671571420973521349e-01
1.671571420973521349e-01
1.604125883931908358e-01
1.671571420973521349e-01
1.638396081129444293e-01
1.626948977024150478e-01
1.671571420973521349e-01
1.671571420973521349e-01
1.671571420973521349e-01
1.671571420973521349e-01
1.638396081129444293e-01
1.671571420973521349e-01
1.671571420973521349e-01
1.597032946667018283e-01
1.671571420973521349e-01
1.671571420973521349e-01
1.671571420973521349e-01
1.671571420973521349e-01
1.671571420973521349e-01
1.671571420973521349e-01
1.671571420973521349e-01
1.671571420973521349e-01
1.671571420973521349e-01
1.671571420973521349e-01
1.606770321249817723e-01
1.610131557862433394e-01
1.671571420973521349e-01
1.671571420973521349e-01
1.671571420973521349e-01
1.671571420973521349e-01
1.671571420973521349e-01
1.671571420973521349e-01
1.671571420973521349e-01
1.671571420973521349e-01
1.671571420973521349e-01
1.671571420973521349e-01
1.671571420973521349e-01
1.671571420973521349e-01
1.671571420973521349e-01
1.671571420973521349e-01
1.671571420973521349e-01
1.671571420973521349e-01
1.671571420973521349e-01
1.671571420973521349e-01
1.671571420973521349e-01
1.671571420973521349e-01
1.671571420973521349e-01
1.671571420973521349e-01
1.671571420973521349e-01
1.638396081129444293e-01
1.671571420973521349e-01
1.671571420973521349e-01
1.638396081129444293e-01
1.671571420973521349e-01
1.671571420973521349e-01
1.671571420973521349e-01
1.609461468329396738e-01
1.671571420973521349e-01
1.671571420973521349e-01
1.611142725460641134e-01
1.671571420973521349e-01
1.671571420973521349e-01
1.671571420973521349e-01
1.671571420973521349e-01
1.671571420973521349e-01
1.671571420973521349e-01
1.671571420973521349e-01
1.671571420973521349e-01
1.671571420973521349e-01
1.671571420973521349e-01
1.671571420973521349e-01
1.609461468329396738e-01
1.671571420973521349e-01
1.671571420973521349e-01
1.671571420973521349e-01
1.671571420973521349e-01
1.618761888950706329e-01
