1.484115675315408056e-01
1.450494780191858846e-01
1.493699953985623829e-01
1.270578242988535667e-01
1.537707183550312273e-01
1.632919999206673689e-01
1.272851054498802259e-01
1.630699638054898259e-01
1.513531251070396877e-01
1.464891282592483968e-01
1.286421392378661599e-01
1.335434308785709845e-01
1.468164352479156554e-01
1.462177402153032046e-01
1.420802838142000979e-01
1.399383099553985488e-01
1.461233756707938924e-01
1.173863867545735656e-01
1.481658451106957763e-01
1.628559503806870645e-01
1.354598486633120935e-01
1.473413116054327621e-01
1.440505471397049986e-01
1.562580544289769169e-01
1.480267146271696532e-01
1.350160886000072447e-01
1.631024416205776040e-01
1.305938580477638555e-01
1.402891657235731948e-01
1.548383788698826646e-01
1.445712172081375091e-01
1.544166167881191876e-01
1.660328167052388670e-01
1.339708039583504540e-01
1.375808257340989105e-01
1.405154806075687435e-01
1.295051288810031564e-01
1.244846866896150289e-01
1.370696753251712530e-01
1.208660373262505361e-01
1.481177621847208914e-01
1.632550897988872540e-01
1.393203833825360782e-01
1.546122804396624639e-01
1.275202379518974860e-01
1.788243463627184615e-01
1.589773728107100881e-01
1.239748153539020764e-01
1.368661107205909888e-01
1.519444525203770824e-01
1.326433667990748744e-01
1.462177402153032046e-01
1.468048391729321889e-01
1.376844046694338519e-01
1.329642587777110085e-01
1.591144814382700889e-01
1.379733181622107008e-01
1.627953001343164785e-01
1.471511946275052829e-01
1.545259388950438184e-01
1.493256727492693892e-01
1.278933323744733397e-01
1.321209968651739231e-01
1.466042964367380574e-01
1.559136886653727794e-01
1.549989286197866190e-01
1.270200853982059730e-01
1.514192785846158185e-01
1.591314477801478999e-01
1.552229378425356854e-01
1.586440417572163031e-01
1.405669959980730688e-01
1.314261063291861931e-01
1.412285650468214915e-01
1.416121211657788148e-01
1.323382965815897705e-01
1.481287392369090017e-01
1.463275093215347655e-01
1.588736832392803888e-01
1.510572490245587485e-01
1.456884824160899761e-01
1.557328855375010312e-01
1.545907386559181584e-01
1.556029752425241441e-01
1.447936998414355303e-01
1.425184314922265660e-01
1.315139033147247061e-01
1.497498388203614139e-01
1.482543075994693094e-01
1.330240613341929223e-01
1.590697463561767666e-01
1.466696565251306983e-01
1.465471365702752382e-01
1.482059935844635967e-01
1.557191425552907349e-01
1.333374481138037693e-01
1.560815873537642617e-01
1.553279168696207191e-01
1.554864411011797620e-01
1.436014599958884974e-01
