2.557206960948460450e-01
2.599848606811061003e-01
2.209804934278382926e-01
2.594034642390309897e-01
2.600511943915360669e-01
2.569206129385948056e-01
2.561596713111494727e-01
2.355061864097565683e-01
2.593086020755224763e-01
2.586278239736968243e-01
2.309184117350610299e-01
2.590196449046056615e-01
2.603493814428593511e-01
2.346494339011578611e-01
2.572895469735281826e-01
2.590545186909714026e-01
2.605282897237409800e-01
2.594700136148944680e-01
2.598129129405763460e-01
2.415753728617685558e-01
2.597569584966649137e-01
2.591134035839187111e-01
2.575354861758241687e-01
2.572770502633097700e-01
2.553851238970962778e-01
2.599658676682431446e-01
2.631523878698668328e-01
2.316549774437210441e-01
2.540836413864580035e-01
2.599946232311324823e-01
2.596582418733708320e-01
2.279761458680561736e-01
2.572837855037501398e-01
2.336187115542273651e-01
2.630281949232404215e-01
2.593329612393534545e-01
2.597205739530692448e-01
2.626758434370102258e-01
2.588640479135660977e-01
2.636467406093621069e-01
2.455883568652573734e-01
2.632744457263698212e-01
2.627105431312649619e-01
2.511243610773752910e-01
2.631068459825883221e-01
2.582856879051164123e-01
2.603887352039186420e-01
2.623623819434626192e-01
2.612644371252992315e-01
2.603871219196773334e-01
2.591002032602939265e-01
2.446708662180545613e-01
2.345367827629298574e-01
2.305265788629594914e-01
2.326916267452278086e-01
2.601271013225801010e-01
2.582511630899849142e-01
2.576633401075940633e-01
2.024148859429342751e-01
2.627740159529158848e-01
2.628207876435720292e-01
2.011719811073630904e-01
2.080449666931144803e-01
2.509841169391932580e-01
2.628564521584644265e-01
2.600254217914164667e-01
2.325315821319565990e-01
2.506538980282243534e-01
2.629679912925456109e-01
2.575154119244115747e-01
2.607562622330689139e-01
2.324415360681701404e-01
2.545551709058605505e-01
2.599384895658325423e-01
2.601263257490708525e-01
2.236244684460142462e-01
2.623390694030836023e-01
2.601179885715706464e-01
2.633315108198061028e-01
2.642933287404947706e-01
2.524679180991210026e-01
2.588734285492842457e-01
2.634162491330541145e-01
2.163905513971840777e-01
2.629261526173345409e-01
2.625695644813882956e-01
2.623752951467127614e-01
2.496894087440561794e-01
2.625485061815809873e-01
2.592945100306600081e-01
2.616647407694231431e-01
2.594690734026183221e-01
2.363203285874644344e-01
2.632906112235037788e-01
2.631477324180199751e-01
2.231401101130870424e-01
2.628597148754872603e-01
2.606035340433604519e-01
2.561888631747861744e-01
2.603966890123829980e-01
