1.016763857101828233e-01
1.058942206335394542e-01
1.013576681721527206e-01
1.058942206335394542e-01
1.058942206335394542e-01
1.058570134878020486e-01
9.497787294561965687e-02
1.058942206335394542e-01
1.016763857101828233e-01
1.058570134878020486e-01
9.872959785003859734e-02
1.058942206335394542e-01
1.058570134878020486e-01
1.058942206335394542e-01
1.016152112648092132e-01
1.058570134878020486e-01
1.058942206335394542e-01
9.632478560709717419e-02
1.016763857101828233e-01
1.014564345265644568e-01
9.632478560709717419e-02
1.013083388439885990e-01
9.893982069008083746e-02
1.058942206335394542e-01
1.058942206335394542e-01
9.863202994627032205e-02
1.016763857101828233e-01
1.058942206335394542e-01
9.802934911687462283e-02
1.058942206335394542e-01
1.056936675002552034e-01
1.058942206335394542e-01
1.058942206335394542e-01
1.058942206335394542e-01
1.058942206335394542e-01
1.014059848662106772e-01
9.692755369156852430e-02
9.621354431666673257e-02
1.058942206335394542e-01
9.872959785003859734e-02
1.058570134878020486e-01
1.058570134878020486e-01
1.013576681721527206e-01
1.058570134878020486e-01
1.056936675002552034e-01
1.058570134878020486e-01
1.017277346358577972e-01
9.995997330825898142e-02
1.053261065631408283e-01
1.058942206335394542e-01
1.058942206335394542e-01
1.058570134878020486e-01
1.056936675002552034e-01
1.058942206335394542e-01
1.014059848662106772e-01
1.013576681721527206e-01
9.632478560709717419e-02
1.017277346358577972e-01
1.056936675002552034e-01
1.058942206335394542e-01
1.016763857101828233e-01
1.019545709958685348e-01
1.058942206335394542e-01
1.058942206335394542e-01
1.058570134878020486e-01
1.058942206335394542e-01
1.058942206335394542e-01
1.058570134878020486e-01
1.058570134878020486e-01
1.058570134878020486e-01
1.013576681721527206e-01
1.056936675002552034e-01
1.058942206335394542e-01
1.013301065441308824e-01
1.011521747408788280e-01
1.058942206335394542e-01
1.017740233833530766e-01
1.013576681721527206e-01
1.017277346358577972e-01
1.015550622184485247e-01
1.058942206335394542e-01
1.058570134878020486e-01
9.600949913039566463e-02
1.058942206335394542e-01
1.058942206335394542e-01
1.015550622184485247e-01
1.058942206335394542e-01
1.017277346358577972e-01
1.056936675002552034e-01
1.058942206335394542e-01
1.058942206335394542e-01
1.058942206335394542e-01
1.019335295083822340e-01
1.056936675002552034e-01
1.017151093163498055e-01
1.056936675002552034e-01
1.058942206335394542e-01
1.058942206335394542e-01
1.058942206335394542e-01
1.032926978965491155e-01
