2.486870665416909265e-01
2.528698121585423730e-01
2.475736821929444831e-01
2.486478214256994945e-01
2.485064947817198222e-01
2.484393829474552395e-01
2.485921235357571868e-01
2.499009809533845050e-01
2.478070597271196662e-01
2.477128579333925384e-01
2.503708801110837157e-01
2.485745820273022599e-01
2.485270992072306784e-01
2.483546883384825932e-01
2.478802931046061864e-01
2.485642915683817511e-01
2.485603211877134289e-01
2.483860981351939390e-01
2.476071179088804863e-01
2.484450284330030623e-01
2.475802371062436891e-01
2.485930866158216068e-01
2.486181818806779686e-01
2.497977850998688576e-01
2.477185730063891922e-01
2.477830322993005985e-01
2.478119096967399682e-01
2.438090596227545093e-01
2.504405931535998442e-01
2.477315539188084670e-01
2.478129537800080329e-01
2.505360576475857970e-01
2.485640694557575692e-01
2.524503382589770584e-01
2.484604570374029375e-01
2.476348817253249124e-01
2.484251885412180894e-01
2.479032436204752499e-01
2.476286673856700205e-01
2.501651407964723406e-01
2.501063750141433450e-01
2.478618626434333783e-01
2.478768747685465013e-01
2.478098556236981720e-01
2.478202075104764257e-01
2.478559736166558169e-01
2.498019215798709947e-01
2.481122172811819904e-01
2.565601728586915375e-01
2.486355160177871615e-01
2.478911116708986118e-01
2.563338296560132012e-01
2.502115747257862566e-01
2.541298945938216258e-01
2.476292592627100941e-01
2.484331035215059102e-01
2.480458917706080124e-01
2.496122036102122188e-01
2.491823256771067141e-01
2.477252435806865105e-01
2.485798666360888864e-01
2.482721073231378417e-01
2.546587665995593275e-01
2.549189627897284205e-01
2.483456172931749750e-01
2.486777009884614809e-01
2.547922846406269759e-01
2.476426707890397871e-01
2.479842918409223274e-01
2.557315910436684936e-01
2.485333920009664133e-01
2.504748371866480916e-01
2.499603968485366035e-01
2.484890352853104112e-01
2.477429927376088581e-01
2.497384806138170099e-01
2.477410958751218584e-01
2.485777971650311446e-01
2.500197129807505969e-01
2.484868401004440563e-01
2.484624124150136282e-01
2.484604410196420421e-01
2.479201540011314875e-01
2.480967571018289353e-01
2.484536230626044062e-01
2.483341125447422748e-01
2.477147354307378257e-01
2.485126538257539375e-01
2.477472048940234095e-01
2.476892736006424400e-01
2.484200313852363284e-01
2.483382986475853316e-01
2.484530659451075207e-01
2.478177711050424670e-01
2.476960386094811672e-01
2.496560042990587092e-01
2.478638672880558447e-01
2.477101083408055071e-01
2.481248593512801748e-01
2.490009770599311278e-01
