1.081675691530209760e-01
1.072481767698385963e-01
1.083991810497407227e-01
1.071005015094625701e-01
1.083290004301514786e-01
1.082185272946220161e-01
1.085500680839587562e-01
1.079100789275893729e-01
1.078266292381167418e-01
1.072212536385393211e-01
1.077190076063960777e-01
1.083018383996547374e-01
1.078274350372850354e-01
1.084242078720243918e-01
1.074475992969657068e-01
1.079367185180068883e-01
1.089664578593624866e-01
1.081242710708329169e-01
1.075293113423177876e-01
1.097903358943747854e-01
1.083195517412450237e-01
1.073679525290871239e-01
1.070861118334881096e-01
1.074856841049134232e-01
1.093045107653236592e-01
1.076132264465647498e-01
1.075550165298452543e-01
1.113051295193010493e-01
1.076476949679233408e-01
1.079578777520755206e-01
1.080082285406586962e-01
1.073164366743727255e-01
1.086949594226001431e-01
1.120097199809309968e-01
1.074331101309765890e-01
1.082447489176938810e-01
1.072219518872123273e-01
1.088328790223640902e-01
1.091806594845195766e-01
1.089154823488752977e-01
1.076135573018404540e-01
1.070566794957884399e-01
1.080682399547464867e-01
1.071513371527275382e-01
1.093826468688229026e-01
1.074412719543529904e-01
1.085389588173574921e-01
1.085637023401656437e-01
1.099995312082284321e-01
1.082473540230268760e-01
1.075507445227367742e-01
1.097954272437607348e-01
1.082050227922773111e-01
1.071432553415148925e-01
1.072012056169730776e-01
1.091697597895688043e-01
1.071097054825656675e-01
1.088157623422820186e-01
1.085704595836527731e-01
1.091718937081082585e-01
1.080007806286938654e-01
1.090537077660513193e-01
1.112883426620506350e-01
1.077744422348607539e-01
1.078670755852338958e-01
1.075382584695734750e-01
1.115037467663772958e-01
1.085809146935075575e-01
1.074041626307202096e-01
1.089944528495881970e-01
1.081392021032715478e-01
1.071141192539219883e-01
1.083416088415630751e-01
1.072784131171797273e-01
1.078111200610770704e-01
1.069038415565220085e-01
1.073639689166362710e-01
1.079987939678073994e-01
1.089824053325947895e-01
1.077909258635060680e-01
1.074743774127944335e-01
1.073315920562240289e-01
1.096810317299069665e-01
1.087340181044484794e-01
1.080950599339078055e-01
1.082525163219130171e-01
1.086327421672820814e-01
1.085629226735707747e-01
1.088198398193663263e-01
1.082769988224920876e-01
1.085844539219088661e-01
1.079331960191478451e-01
1.076020372963107513e-01
1.093247484668667807e-01
1.092882821920918984e-01
1.120685114586209979e-01
1.082518379751124804e-01
1.080390507335678013e-01
1.095953817316437373e-01
1.087066366499103154e-01
