2.431208079781080611e-01
2.591773189399675936e-01
2.462763643619924059e-01
2.430676367379338010e-01
2.504113205438792122e-01
2.404256458000777474e-01
2.536311396625802739e-01
2.535059134889585675e-01
2.442882288995190110e-01
2.504760203885386671e-01
2.459589668729916245e-01
2.407514320747335679e-01
2.575600867724306409e-01
2.871304392321529786e-01
2.498028910297133975e-01
2.359985884532510014e-01
2.553183113163676188e-01
2.915808627355813698e-01
2.413365584199639591e-01
2.770743874024795828e-01
2.827659184320364671e-01
2.607558863229543222e-01
2.516003233703605901e-01
2.527621045864119620e-01
2.711040095365093716e-01
2.587349703019828917e-01
2.627589960022027604e-01
2.509732870312021968e-01
2.449877124000473805e-01
3.038929318971682059e-01
2.729089258180356081e-01
2.479096524174313476e-01
2.459446040064477423e-01
2.397374796733512947e-01
2.402201079622565127e-01
2.514434235806393136e-01
2.676170236207803255e-01
2.589385530145993375e-01
2.642232477781824573e-01
2.457388442224128777e-01
2.505440108815115696e-01
2.589143267251368119e-01
2.370869394754696879e-01
2.883852235777101813e-01
2.369136492030785024e-01
2.410516416957795838e-01
2.799242865681457748e-01
2.321648422481601415e-01
3.019769866729932195e-01
2.650520532647853145e-01
2.399215026496698544e-01
2.677170911376138274e-01
2.687330223574980193e-01
3.051308513369404007e-01
2.550321129546175292e-01
2.794699458646468515e-01
2.511742769579393686e-01
2.315012143844627501e-01
2.518422741139071386e-01
2.480419883752812693e-01
2.345194371890910456e-01
2.338769654379993512e-01
2.408008339736910919e-01
2.557186542541646235e-01
2.149244866652536001e-01
2.712595574982217261e-01
2.630792017583148401e-01
3.021060634322744742e-01
2.392390630809025642e-01
2.494976410733857619e-01
2.429272078508802057e-01
2.637490818439149343e-01
2.789436505012177769e-01
2.944698144864488776e-01
2.361430510938968275e-01
2.983452885421228884e-01
2.494197818457795091e-01
2.739174741792225198e-01
2.235849423066279262e-01
2.330479046557789591e-01
4.316479792381380243e-01
2.500707568821058935e-01
2.491300548902293799e-01
2.914372312395328568e-01
2.574286001664312096e-01
2.326399002079791445e-01
2.405942024257642087e-01
2.349620916115830183e-01
2.494669365075695699e-01
2.489333585561552820e-01
2.407012456350689500e-01
2.400727128953145939e-01
2.574931369117065549e-01
2.483737182864329263e-01
2.517371478908026483e-01
2.565193016128755055e-01
2.424580810435822131e-01
2.543785924182681013e-01
2.594432530805768078e-01
2.438268415013239432e-01
