1.643487700050726419e-01
1.690229942307160393e-01
1.525202673241134455e-01
1.640838162973716208e-01
1.646025516753401308e-01
1.656202852289241911e-01
1.630936746008990190e-01
1.663379641231119976e-01
1.645860486540052792e-01
1.645271299591137826e-01
1.686277996475943342e-01
1.643255885656257631e-01
1.646199152572083990e-01
1.686530268091090412e-01
1.645768144184382165e-01
1.640533015127754735e-01
1.645997225927977592e-01
1.646326292649190892e-01
1.645275038653673250e-01
1.637823995453482617e-01
1.645408184733911094e-01
1.647722709286245368e-01
1.650562224866686245e-01
1.663116690916275342e-01
1.645963219415727263e-01
1.643221652610119821e-01
1.645870039223699954e-01
1.507463460989764692e-01
1.522330393068395959e-01
1.640829938645563257e-01
1.645438058744407850e-01
1.686050947439264591e-01
1.647473587048484400e-01
1.492930159863578299e-01
1.639963501588201089e-01
1.662028088033632167e-01
1.640939280203949358e-01
1.599671625002745678e-01
1.645093165955192061e-01
1.647193211683095904e-01
1.553540973330385100e-01
1.643340562519086112e-01
1.643288908730473341e-01
1.637294120898740712e-01
1.645786618774607857e-01
1.643340356770755795e-01
1.645637570681517670e-01
1.647560243993174689e-01
1.492843392673881830e-01
1.640870119880817879e-01
1.645633403161699815e-01
1.649884036943349841e-01
1.712929509407079276e-01
1.581524436239196418e-01
1.685550235860941992e-01
1.664359777200170309e-01
1.645443776913095013e-01
1.522988681932214705e-01
1.650724206462969579e-01
1.645443729609578909e-01
1.647193209295581551e-01
1.596137040796065110e-01
1.742783581512962199e-01
1.646118688249483542e-01
1.646151111122529376e-01
1.645452948748237498e-01
1.492627957222423529e-01
1.500264814195983454e-01
1.645756803056653006e-01
1.643437625528154089e-01
1.645942664883534023e-01
1.464839941298554937e-01
1.647193200005985791e-01
1.645598563110820811e-01
1.646200654446093314e-01
1.561842427378764275e-01
1.666317331745555130e-01
1.647193568569717825e-01
1.643456061126735424e-01
1.646034774239795162e-01
1.680479448523310992e-01
1.645296942287898523e-01
1.662040159175245113e-01
1.559140497421258320e-01
1.643532072748461470e-01
1.647559444421905217e-01
1.643553947041055119e-01
1.644095091036762435e-01
1.646509302641762373e-01
1.686491794456727311e-01
1.645438112375861017e-01
1.640583836586495259e-01
1.685633598114943399e-01
1.643219533521243780e-01
1.645288906777977733e-01
1.498165349185262007e-01
1.643533927484759072e-01
1.646180751222718897e-01
1.643502545312931773e-01
1.645448632078529427e-01
