2.533562960543091491e-01
2.660034230779633746e-01
2.616040679198323171e-01
2.858597152220304083e-01
2.543199589793906923e-01
2.888167019882967868e-01
2.766201314515940868e-01
2.708277020216057762e-01
2.891867773528504770e-01
2.735579367091252601e-01
2.534032260635422085e-01
2.751897874129819455e-01
2.786051344697024756e-01
2.623563696929049893e-01
2.664836779457644966e-01
2.623432286914961775e-01
2.690826575406523591e-01
2.594107579538023067e-01
2.611063556593166690e-01
2.598136214623590345e-01
2.648121309459153250e-01
2.821889994115886480e-01
2.453816614676246344e-01
2.570593811637275627e-01
2.559122897128708884e-01
2.580390137670415807e-01
2.483566165894868505e-01
2.451944878760160262e-01
2.555950002353408745e-01
2.602406295001794545e-01
2.438250650075573789e-01
2.759441091781283939e-01
2.590085059770654285e-01
2.785123396373423432e-01
2.686933549919834352e-01
2.787250337176977455e-01
2.540282447032585211e-01
2.682168901768186009e-01
2.617869225009920586e-01
2.660974804557959539e-01
2.745063586222299956e-01
2.805066605287820369e-01
2.608324413044429968e-01
2.418820597855131649e-01
2.441848126839202548e-01
2.604626728928239876e-01
2.541432833537449199e-01
2.800316919315076203e-01
2.610784799871731510e-01
2.556138215251458345e-01
2.687677221246368986e-01
2.733037954298835892e-01
2.429780484570958909e-01
2.606257793432001924e-01
2.710581049041127510e-01
2.650312527433006382e-01
2.589552825413559689e-01
2.761222796229327314e-01
2.529871542429353304e-01
2.431153175213793816e-01
2.866252895109737131e-01
2.737561868640563945e-01
2.656675193283953851e-01
2.436448018407404992e-01
2.686258951297206821e-01
2.594278971280515322e-01
2.434132145839104922e-01
2.717394466146197396e-01
2.398431963426252145e-01
2.640463160128549425e-01
2.749875525931005926e-01
2.436381518492647114e-01
2.667432979502481483e-01
2.857168297135998514e-01
2.666704160901889886e-01
2.730517377689393177e-01
2.552396618755964353e-01
2.772154377152791782e-01
2.729476304719701818e-01
2.707502822278947119e-01
2.323644472509002468e-01
2.891345118728967933e-01
2.470954354860686597e-01
2.588240506553184939e-01
2.627631964035936352e-01
2.689190018438717966e-01
2.435898223492574399e-01
2.928270331482969446e-01
2.759480907477591116e-01
2.534459862708125510e-01
2.708786133629748627e-01
2.473187177824626992e-01
2.716511390999756803e-01
2.740054996871236215e-01
2.721480690546591030e-01
2.601851172235196685e-01
2.715905890579889959e-01
2.709259869519989317e-01
2.585083532978876830e-01
2.689153447906583172e-01
