2.098567854525998366e-01
2.261351594193784786e-01
2.257315065964214662e-01
2.253480611492112429e-01
2.098567854525998366e-01
2.098567854525998366e-01
2.254159400925001278e-01
2.098567854525998366e-01
2.098567854525998366e-01
2.098567854525998366e-01
2.098567854525998366e-01
2.244893959559312313e-01
2.247777696394911429e-01
2.098567854525998366e-01
2.256838781312754671e-01
2.254521706606769094e-01
2.098567854525998366e-01
2.260946995956437111e-01
2.098567854525998366e-01
2.098567854525998366e-01
2.098567854525998366e-01
2.257604695509897452e-01
2.260623504971183417e-01
2.098567854525998366e-01
2.098567854525998366e-01
2.098567854525998366e-01
2.098567854525998366e-01
2.098567854525998366e-01
2.265392751472556365e-01
2.098567854525998366e-01
2.255405313181350069e-01
2.264448572485208977e-01
2.098567854525998366e-01
2.098567854525998366e-01
2.264346844709286544e-01
2.260081379411868763e-01
2.098567854525998366e-01
2.254530011636934894e-01
2.098567854525998366e-01
2.259656411663059639e-01
2.098567854525998366e-01
2.261828999571841026e-01
2.098567854525998366e-01
2.256013019777542428e-01
2.098567854525998366e-01
2.262312128931927568e-01
2.266755738907267337e-01
2.258864954990463803e-01
2.098567792734119808e-01
2.098567854525998366e-01
2.098567854525998366e-01
2.098567854525998366e-01
2.098567854525998366e-01
2.098567854525998366e-01
2.269082296589008674e-01
2.098567854525998366e-01
2.257394078474957433e-01
2.098567854525998366e-01
2.098567854525998366e-01
2.098567854525998366e-01
2.260485448216059678e-01
2.273559956690997530e-01
2.098567854525998366e-01
2.257686091482252466e-01
2.258486962243824725e-01
2.098567854525998366e-01
2.098567854525998366e-01
2.259159507637039377e-01
2.098567854525998366e-01
2.257584589860743285e-01
2.262659823516422475e-01
2.264564091420939174e-01
2.098567854525998366e-01
2.098567854525998366e-01
2.098567854525998366e-01
2.255253899103882020e-01
2.098567854525998366e-01
2.258779738993331176e-01
2.248943092844390701e-01
2.256824779403431569e-01
2.098567854525998366e-01
2.260805564294127712e-01
2.265007173745604285e-01
2.098567854525998366e-01
2.098567854525998366e-01
2.253885828453999762e-01
2.253730334471081842e-01
2.261097719703053788e-01
2.098567854525998366e-01
2.263175881186286209e-01
2.098567854525998366e-01
2.098567854525998366e-01
2.263368698148329194e-01
2.264128028729592013e-01
2.257019682070761923e-01
2.256299721582669393e-01
2.098567854525998366e-01
2.266940696966213420e-01
2.098567854525998366e-01
2.262402691044269054e-01
