1.705950037499911198e-01
1.838716818231354855e-01
1.616502106001171946e-01
1.940354036123147219e-01
1.791335389404244138e-01
1.902420887866038135e-01
1.821034219482314809e-01
1.793656837376544633e-01
1.844672315995875833e-01
1.737159432001066928e-01
1.782886436730502233e-01
1.693981773594404328e-01
1.896703296554904661e-01
1.861546822073889829e-01
1.800424948192568264e-01
1.957516996057775960e-01
1.750223564335045556e-01
1.783916438631918400e-01
1.813347755423721785e-01
1.725965210828638852e-01
1.956977015280285670e-01
1.951763606386109906e-01
1.775909399827045598e-01
1.747855632827239880e-01
1.979365620656596825e-01
1.895721700216850825e-01
1.802519800545233919e-01
1.852069798192488848e-01
1.746573271667340166e-01
1.845232663578340038e-01
1.903170765558809541e-01
1.643560644856933983e-01
1.749419860296080320e-01
1.729786870803620979e-01
1.721308142714275402e-01
1.911198086902200499e-01
1.771371180736392437e-01
1.859441315303062003e-01
1.852130616706635924e-01
1.555991676846374128e-01
2.075453166070485300e-01
1.754917649959965575e-01
1.726478135591775764e-01
1.869914584442035066e-01
1.755887870438814780e-01
1.721058739462185405e-01
1.829885948277362451e-01
1.729121067672300394e-01
1.915798142815861027e-01
1.955426268505418563e-01
1.757317006568334672e-01
1.971155924310250274e-01
1.830138668429011350e-01
1.919235372474602797e-01
1.737662692813013443e-01
1.807421695567864861e-01
1.910059229305764994e-01
1.710279565823094872e-01
1.840213711491096027e-01
1.973430350001036115e-01
1.613533655822783908e-01
1.618077707231389550e-01
1.667526946532201515e-01
1.804356466821877003e-01
1.655493526557638151e-01
1.714436990258789983e-01
1.730441931840135394e-01
1.816407082783795812e-01
1.994734779235637079e-01
1.691408625092644114e-01
1.774728670148955634e-01
1.630138692151119340e-01
1.748208330968315238e-01
1.914816944844375257e-01
1.864955034550998536e-01
1.839695485917807183e-01
1.764270100355888604e-01
1.679322357290618517e-01
1.780710090751058683e-01
1.840688491167991603e-01
2.004636237786489306e-01
1.822082094569323907e-01
1.769997637925872780e-01
1.847981589336151753e-01
1.869394947531013984e-01
1.733574873492272905e-01
1.784166576976876362e-01
1.815263918908284202e-01
1.861447313514887347e-01
1.778936340270099725e-01
1.835457752220183703e-01
1.970129498647142929e-01
1.661486988193315306e-01
1.744225261024442974e-01
1.998558272963475158e-01
1.767693418096280833e-01
1.722330812597329397e-01
1.752461557140074233e-01
1.656260580111377778e-01
1.920405472795309876e-01
