1.722981284244768374e-01
1.752758986184428935e-01
1.752159502746563069e-01
1.706426687719122814e-01
1.797765237621294365e-01
1.733301064695539906e-01
1.715809016705780454e-01
1.759888654608696978e-01
1.798016971740223069e-01
1.700511791412313567e-01
1.779655185448876242e-01
1.750918212487493353e-01
1.797966554245863380e-01
1.731597617148678547e-01
1.693517964121935837e-01
1.798192999208772513e-01
1.752817901458275374e-01
1.752160633380573374e-01
1.751961789230224997e-01
1.841205140898736214e-01
1.716118634905818563e-01
1.784630306462693106e-01
1.798146553893325839e-01
1.829887824587891343e-01
1.733776788121727253e-01
1.765067895694263089e-01
1.698737212337322611e-01
1.787100183390613328e-01
1.729263962753777861e-01
1.700246411494427956e-01
1.797736901032355450e-01
1.780512079664414160e-01
1.781795918998078376e-01
1.712763776349938427e-01
1.798304345341275035e-01
1.780403530379201238e-01
1.798055222448992074e-01
1.798137550209989444e-01
1.763338969787092425e-01
1.723438491328468658e-01
1.787182508421467919e-01
1.719227741304077683e-01
1.829328480157671744e-01
1.706326050886440016e-01
1.706521858084482091e-01
1.752044899788821330e-01
1.706021955269190205e-01
1.797892258190743608e-01
1.757643842968544534e-01
1.798355758886383549e-01
1.751699979076523084e-01
1.737296351692977636e-01
1.782577578565552601e-01
1.721233049917974267e-01
1.710122290529034472e-01
1.797782341687706453e-01
1.734017686808137504e-01
1.788912348491324134e-01
1.704441610377292193e-01
1.715302973156849764e-01
1.735235442484543422e-01
1.854089076421164550e-01
1.775161139262289023e-01
1.730163651116944645e-01
1.720328496286647746e-01
1.750816779728184280e-01
1.724624152745688477e-01
1.716752381613058931e-01
1.798023227615554442e-01
1.719219607456325682e-01
1.751506190756954850e-01
1.722777302413932843e-01
1.762312267887062855e-01
1.798112005230098343e-01
1.764948188759048464e-01
1.755038244069528630e-01
1.797988043453391804e-01
1.750660954108873846e-01
1.705916094468029609e-01
1.750859481990001687e-01
1.797516491991604237e-01
1.700050760497797686e-01
1.752945606224619868e-01
1.770345311908123609e-01
1.798507421231319292e-01
1.798216233688137156e-01
1.798131955606952492e-01
1.752122596387201137e-01
1.798058731047606496e-01
1.752328658724703614e-01
1.751817290879418287e-01
1.798256223190734526e-01
1.719946632080875670e-01
1.797949111944749934e-01
1.733901135741222899e-01
1.755658262812356540e-01
1.792149553072958923e-01
1.802047068016469078e-01
1.719530606185319943e-01
1.734641812265420024e-01
