1.317181843411402431e-01
1.322417087838355099e-01
1.315127195295675566e-01
1.322417087838355099e-01
1.322417087838355099e-01
1.321190253056988007e-01
1.371135965515298816e-01
1.322417087838355099e-01
1.317181843411402431e-01
1.321190253056988007e-01
1.420175045012164461e-01
1.322417087838355099e-01
1.321190253056988007e-01
1.322417087838355099e-01
1.351566929986638688e-01
1.321190253056988007e-01
1.322417087838355099e-01
1.352214609325683159e-01
1.317181843411402431e-01
1.317061750723799718e-01
1.352214609325683159e-01
1.317188402350796261e-01
1.420230191684934695e-01
1.322417087838355099e-01
1.322417087838355099e-01
1.418525580328429125e-01
1.317181843411402431e-01
1.322417087838355099e-01
1.412976583440525014e-01
1.322417087838355099e-01
1.322412501542002683e-01
1.322417087838355099e-01
1.322417087838355099e-01
1.322417087838355099e-01
1.322417087838355099e-01
1.317188027910317638e-01
1.404209263650811335e-01
1.343743122428819603e-01
1.322417087838355099e-01
1.420175045012164461e-01
1.321190253056988007e-01
1.321190253056988007e-01
1.315127195295675566e-01
1.321190253056988007e-01
1.322412501542002683e-01
1.321190253056988007e-01
1.315125009916277843e-01
1.432896189368159379e-01
1.372712672819450253e-01
1.322417087838355099e-01
1.322417087838355099e-01
1.321190253056988007e-01
1.322412501542002683e-01
1.322417087838355099e-01
1.317188027910317638e-01
1.315127195295675566e-01
1.352214609325683159e-01
1.315125009916277843e-01
1.322412501542002683e-01
1.322417087838355099e-01
1.317181843411402431e-01
1.317517648108837425e-01
1.322417087838355099e-01
1.322417087838355099e-01
1.321190253056988007e-01
1.322417087838355099e-01
1.322417087838355099e-01
1.321190253056988007e-01
1.321190253056988007e-01
1.321190253056988007e-01
1.315127195295675566e-01
1.322412501542002683e-01
1.322417087838355099e-01
1.317179457988177094e-01
1.317187945500448709e-01
1.322417087838355099e-01
1.317181483118988750e-01
1.315127195295675566e-01
1.315125009916277843e-01
1.317061459852787164e-01
1.322417087838355099e-01
1.321190253056988007e-01
1.375711087450367243e-01
1.322417087838355099e-01
1.322417087838355099e-01
1.317061459852787164e-01
1.322417087838355099e-01
1.315125009916277843e-01
1.322412501542002683e-01
1.322417087838355099e-01
1.322417087838355099e-01
1.322417087838355099e-01
1.317525999244635038e-01
1.322412501542002683e-01
1.317406808605395274e-01
1.322412501542002683e-01
1.322417087838355099e-01
1.322417087838355099e-01
1.322417087838355099e-01
1.360792137227373466e-01
