1.290981124111103273e-01
1.290981124111103273e-01
1.290981124111103273e-01
1.290981124111103273e-01
1.290981124111103273e-01
1.290981124111103273e-01
1.246590167799283416e-01
1.290981124111103273e-01
1.290981124111103273e-01
1.290981124111103273e-01
1.290981124111103273e-01
1.290981124111103273e-01
1.290981124111103273e-01
1.290981124111103273e-01
1.246590167799283416e-01
1.290981124111103273e-01
1.290981124111103273e-01
1.290981124111103273e-01
1.290981124111103273e-01
1.290981124111103273e-01
1.290981124111103273e-01
1.290981124111103273e-01
1.115355923122873794e-01
1.290981124111103273e-01
1.290981124111103273e-01
1.115304218750847592e-01
1.290981124111103273e-01
1.246590167799283416e-01
1.138722770899373848e-01
1.290981124111103273e-01
1.290981124111103273e-01
1.290981124111103273e-01
1.290981124111103273e-01
1.246590167799283416e-01
1.290981124111103273e-01
1.290981124111103273e-01
1.106962544650785391e-01
1.290981124111103273e-01
1.290981124111103273e-01
1.290981124111103273e-01
1.290981124111103273e-01
1.290981124111103273e-01
1.290981124111103273e-01
1.290981124111103273e-01
1.290981124111103273e-01
1.290981124111103273e-01
1.290981124111103273e-01
1.092246651066490076e-01
1.114499986375571683e-01
1.290981124111103273e-01
1.290981124111103273e-01
1.290981124111103273e-01
1.290981124111103273e-01
1.290981124111103273e-01
1.290981124111103273e-01
1.290981124111103273e-01
1.290981124111103273e-01
1.290981124111103273e-01
1.290981124111103273e-01
1.290981124111103273e-01
1.290981124111103273e-01
1.290981124111103273e-01
1.290981124111103273e-01
1.290981124111103273e-01
1.290981124111103273e-01
1.290981124111103273e-01
1.290981124111103273e-01
1.290981124111103273e-01
1.290981124111103273e-01
1.290981124111103273e-01
1.290981124111103273e-01
1.290981124111103273e-01
1.246590167799283416e-01
1.290981124111103273e-01
1.290981124111103273e-01
1.246590167799283416e-01
1.290981124111103273e-01
1.290981124111103273e-01
1.290981124111103273e-01
1.173362012678931671e-01
1.290981124111103273e-01
1.290981124111103273e-01
1.094209988110519671e-01
1.290981124111103273e-01
1.290981124111103273e-01
1.290981124111103273e-01
1.290981124111103273e-01
1.290981124111103273e-01
1.290981124111103273e-01
1.290981124111103273e-01
1.290981124111103273e-01
1.290981124111103273e-01
1.290981124111103273e-01
1.290981124111103273e-01
1.173362012678931671e-01
1.290981124111103273e-01
1.290981124111103273e-01
1.290981124111103273e-01
1.290981124111103273e-01
1.112500833582953652e-01
