2.073157485524764199e-01
2.074678838213287746e-01
2.070756413077921021e-01
2.071727552490331137e-01
2.074309301304104458e-01
2.071473607725167199e-01
2.073368042769033470e-01
2.072284010087284412e-01
2.073969180068057083e-01
2.072279787828529285e-01
2.074076941655573492e-01
2.070785126255637321e-01
2.070739074219216380e-01
2.074706976800177183e-01
2.070067385183114450e-01
2.074767874827891101e-01
2.074467281408532426e-01
2.072189798491374246e-01
2.072432436069835404e-01
2.070785338138180498e-01
2.074678642545512985e-01
2.073372051110519421e-01
2.072305065140409575e-01
2.069587548682512435e-01
2.073134321544226333e-01
2.070979083985367286e-01
2.073965002259873514e-01
2.070654196689342974e-01
2.070067464071983776e-01
2.070978893909610485e-01
2.072193956559155725e-01
2.070517124678233623e-01
2.074919102974565055e-01
2.071514842597307060e-01
2.074206552643882984e-01
2.070546067380363564e-01
2.070889077127320843e-01
2.072057656544322446e-01
2.071816386058601966e-01
2.074206374264277453e-01
2.072523546282637186e-01
2.070871015187580599e-01
2.069831321925068301e-01
2.072523461213783835e-01
2.070545892854730730e-01
2.071708853113587989e-01
2.072338336935707348e-01
2.072301056033193645e-01
2.082288399248096999e-01
2.072499139176246508e-01
2.070038293605268032e-01
2.073279154982013706e-01
2.071928198165433888e-01
2.075026330351925075e-01
2.072075263659457767e-01
2.072418000338666355e-01
2.075026119030113914e-01
2.073964955876283767e-01
2.072054886265023155e-01
2.074767779740399887e-01
2.073134217021903591e-01
2.073157706133236522e-01
2.070785287089378091e-01
2.071224893854025362e-01
2.073964958114890011e-01
2.074548081465033000e-01
2.072169229271067226e-01
2.074463126130538237e-01
2.074768014032364882e-01
2.071684372803524465e-01
2.074313100272719146e-01
2.071444650761311013e-01
2.074771687944260701e-01
2.070063000271556153e-01
2.072057612244967983e-01
2.074077063824104894e-01
2.072284122635640602e-01
2.071816589896446625e-01
2.070630944349224067e-01
2.070954094743020502e-01
2.069940157734757868e-01
2.072230500631308536e-01
2.074420976523357329e-01
2.071840284828655177e-01
2.074786291616584899e-01
2.072283994435018817e-01
2.070635114784915021e-01
2.073046282520265293e-01
2.073278952887215310e-01
2.074923237919207297e-01
2.070067384937222532e-01
2.073042223281424123e-01
2.072279674415240247e-01
2.072527522308475478e-01
2.074678848197357983e-01
2.074206229229489107e-01
2.074392439679125788e-01
2.071469607255102541e-01
2.072432698596338163e-01
2.074923270239527051e-01
