1.239534033868185392e-01
1.044747180084683313e-01
1.011630423781841037e-01
1.052282879910097085e-01
1.065088579376994304e-01
1.050265479077783642e-01
1.147459689613475747e-01
1.003023260914235326e-01
1.033618440115996601e-01
1.275415645971062772e-01
1.170199657066717663e-01
9.815971730123182470e-02
1.079316184742898366e-01
1.361944766875684554e-01
1.100978325079568360e-01
1.047651102225329312e-01
1.124000639889794761e-01
1.014133432652724875e-01
1.048837574335777650e-01
1.168807087171112452e-01
1.029504081244731473e-01
1.042665386562104668e-01
9.552581261363725373e-02
1.076670701329220103e-01
1.156801318882148960e-01
1.195770354449683937e-01
1.503610158272002117e-01
1.171195315684525479e-01
1.068642519296746501e-01
1.039872660125478326e-01
1.153416831529584796e-01
1.376184151426217972e-01
1.049067211166393315e-01
1.069386347437972229e-01
1.192372310835371763e-01
1.058122106483031372e-01
1.216854048523928755e-01
1.104968530810387928e-01
1.079403734510109986e-01
1.042854574872409817e-01
1.242858157609510461e-01
1.158210353560477912e-01
1.029617076924901620e-01
1.178056398500076513e-01
1.154903706678191422e-01
1.429026172370990166e-01
1.197551804102518908e-01
1.030972449611142067e-01
1.101800773670984779e-01
1.242370283713566115e-01
1.124002788379912104e-01
1.038619691166376841e-01
1.067459357262952185e-01
1.122988500507997173e-01
1.187272025003746762e-01
1.305771598787886789e-01
9.922313112646549693e-02
1.085754211700341865e-01
1.091678895598763716e-01
1.110896172758301798e-01
1.042668797082745846e-01
1.219951407230103202e-01
1.167101973234527662e-01
1.146100652870633008e-01
1.112809979516130726e-01
1.314803875620833007e-01
9.860743274888640608e-02
1.201032082528670081e-01
1.011683335080721946e-01
1.008441729089492589e-01
1.232276733684728454e-01
1.037169347051516421e-01
1.205663973553134510e-01
1.106531059037113573e-01
1.161645076448561825e-01
1.063183637269074500e-01
1.111800513028247395e-01
1.076938368131746676e-01
1.241011714119206466e-01
1.117622678747729886e-01
1.052115494302163501e-01
1.073444377877035283e-01
1.102822649700357927e-01
1.091167358879503446e-01
1.011853219655802077e-01
1.032683235042761438e-01
9.926957588988950809e-02
1.029715412024415494e-01
1.017529113704471744e-01
1.136041677937600913e-01
1.315454073049615868e-01
1.304391989510328420e-01
1.071450012618054975e-01
1.116620403238204884e-01
1.232785175217951529e-01
1.340952109968252537e-01
1.051830871355528968e-01
1.039538763872648874e-01
1.066704195856511966e-01
1.096842212963171914e-01
