1.069814201836069983e-01
1.002387626334505788e-01
1.106939606930158332e-01
1.040767501668098949e-01
1.036984384416077820e-01
1.216968066111776409e-01
1.065381977781093836e-01
1.098855030052798415e-01
1.083696097730554170e-01
1.080163537906958099e-01
1.148252703190024565e-01
1.055087691325926752e-01
1.143318451592683915e-01
1.105391248325994225e-01
1.030273546553865383e-01
1.105053510139781398e-01
1.110583537126484527e-01
1.115029807195331152e-01
1.165223850205316380e-01
1.092820551850475913e-01
1.128623611543931315e-01
1.004182864073721732e-01
1.132080709987543093e-01
1.063800843995487688e-01
1.092379674299164549e-01
1.083206404714836535e-01
1.106532374043670969e-01
1.093447039367639873e-01
1.053410657000117406e-01
1.183642685379635295e-01
1.212419573686955854e-01
1.177985687051874841e-01
1.111218126746754131e-01
1.048692665040120847e-01
1.100925590309033003e-01
1.212259564509779314e-01
1.051611694981725714e-01
1.108126261108775545e-01
1.243978089473627563e-01
1.035063850969642624e-01
1.027802476874445231e-01
1.018219217992340497e-01
1.188940830299020368e-01
1.147750519735987601e-01
1.213324606987037507e-01
1.075760466980120456e-01
1.253577619449772196e-01
1.067842034193474121e-01
1.121208197570404547e-01
1.072200980107308882e-01
1.078979322145374176e-01
1.196345818973089947e-01
1.087978688983602116e-01
1.186932263956665401e-01
1.062783719889041911e-01
1.112980415809316781e-01
1.045476050221641751e-01
1.027311517969202725e-01
1.302427046533398136e-01
1.085741316787788568e-01
1.234393536785931000e-01
1.074595723448539264e-01
1.077745254492183391e-01
1.112670010312902386e-01
1.046645773963543746e-01
1.194447528841802025e-01
1.046327090346431815e-01
1.121470370573940806e-01
1.053286940281118605e-01
1.027492809693656278e-01
1.037432860604798335e-01
1.116353097481758150e-01
1.190640956815109258e-01
1.023559473013117976e-01
1.166238412609836711e-01
1.032259024412241072e-01
1.135333336872729748e-01
1.178790789690884327e-01
1.065016498805102241e-01
1.310440982509601948e-01
1.146957253193962162e-01
1.357296185560554758e-01
1.068645988144537179e-01
1.185313165421677251e-01
1.110915079940930500e-01
1.176365551109908730e-01
1.113042855006463189e-01
1.150185935737042808e-01
1.103998694448508067e-01
1.235493708655503176e-01
1.116798447581302256e-01
1.102233393381474857e-01
1.206111463439071968e-01
1.058978994429860543e-01
1.092753471912222968e-01
1.098031294663168733e-01
1.023383935339473721e-01
1.125167704935594176e-01
1.053608275818003204e-01
1.108086145679868378e-01
