2.182997582964808780e-01
2.182997582964808780e-01
2.182997582964808780e-01
2.182997582964808780e-01
2.182997582964808780e-01
2.182997582964808780e-01
2.182997582964808780e-01
2.182997582964808780e-01
2.182997582964808780e-01
2.182997582964808780e-01
2.182997582964808780e-01
2.182997582964808780e-01
2.182997582964808780e-01
2.182997582964808780e-01
2.182997582964808780e-01
2.182997582964808780e-01
2.182997582964808780e-01
2.182997582964808780e-01
2.182997582964808780e-01
2.182997582964808780e-01
2.925557810583608864e-01
2.182997582964808780e-01
2.182997582964808780e-01
2.182997582964808780e-01
3.206289213500274626e-01
2.182997582964808780e-01
2.182997582964808780e-01
2.182997582964808780e-01
2.182997582964808780e-01
2.182997582964808780e-01
2.182997582964808780e-01
2.182997582964808780e-01
2.182997582964808780e-01
2.182997582964808780e-01
2.182997582964808780e-01
2.182997582964808780e-01
2.847995905721665832e-01
2.182997582964808780e-01
2.182997582964808780e-01
2.743547171285961039e-01
2.182997582964808780e-01
2.182997582964808780e-01
2.182997582964808780e-01
2.182997582964808780e-01
2.182997582964808780e-01
2.182997582964808780e-01
2.182997582964808780e-01
2.182997582964808780e-01
2.182997582964808780e-01
2.764760788789625279e-01
2.182997582964808780e-01
2.182997582964808780e-01
3.101181718099469964e-01
2.182997582964808780e-01
2.182997582964808780e-01
2.182997582964808780e-01
2.182997582964808780e-01
2.182997582964808780e-01
3.086546899626460005e-01
2.182997582964808780e-01
2.182997582964808780e-01
2.182997582964808780e-01
2.182997582964808780e-01
2.182997582964808780e-01
2.182997582964808780e-01
2.182997582964808780e-01
2.182997582964808780e-01
2.182997582964808780e-01
3.026520800281922163e-01
2.182997582964808780e-01
2.182997582964808780e-01
2.848204658317624038e-01
2.182997582964808780e-01
2.182997582964808780e-01
2.182997582964808780e-01
2.182997582964808780e-01
2.182997582964808780e-01
2.182997582964808780e-01
2.182997582964808780e-01
2.182997582964808780e-01
2.182997582964808780e-01
2.182997582964808780e-01
2.182997582964808780e-01
2.883650376499117263e-01
2.182997582964808780e-01
2.182997582964808780e-01
3.204062480857718387e-01
2.182997582964808780e-01
2.182997582964808780e-01
2.182997582964808780e-01
2.994862837833455749e-01
2.613591262916655777e-01
2.182997582964808780e-01
2.182997582964808780e-01
2.182997582964808780e-01
2.182997582964808780e-01
2.182997582964808780e-01
2.182997582964808780e-01
2.182997582964808780e-01
2.182997582964808780e-01
