1.234627326549286030e-01
1.233457214777690242e-01
1.256628144936282054e-01
1.333049934287664773e-01
1.310602993429927365e-01
1.299366970446016178e-01
1.298367711779119249e-01
1.311404932031652315e-01
1.310335425484530358e-01
1.276328389225238891e-01
1.290719297885913885e-01
1.311627207137368301e-01
1.319876352700799782e-01
1.337433138245939790e-01
1.226637279472114345e-01
1.330754383561229270e-01
1.320613661891051338e-01
1.232482589313273480e-01
1.297925472615716058e-01
1.214065366837301790e-01
1.322425178790944400e-01
1.229805263004770111e-01
1.331964147919627028e-01
1.201721553594310987e-01
1.330745217548797987e-01
1.305521638363295600e-01
1.297257225760138910e-01
1.204794001775318507e-01
1.298881846787340311e-01
1.302394532461054466e-01
1.332316322059185765e-01
1.337234841362132109e-01
1.242672300653315381e-01
1.200808312190124461e-01
1.311400389629812924e-01
1.289487536878562990e-01
1.322560690887527313e-01
1.270726952026159651e-01
1.230494665795641290e-01
1.212548265401004743e-01
1.291517989759287388e-01
1.195494790364215326e-01
1.234063536850535381e-01
1.255259494160541334e-01
1.308103517100639435e-01
1.305473970868432643e-01
1.285137903963042283e-01
1.231981306343664095e-01
1.250965526808113515e-01
1.330703534562363011e-01
1.317857293765516691e-01
1.240379296758254285e-01
1.287261909873484433e-01
1.281676744116159172e-01
1.193861144010392311e-01
1.253435770004136807e-01
1.331225923238193443e-01
1.304791866928433075e-01
1.195328908330321460e-01
1.322572283509615976e-01
1.234293191243192034e-01
1.205400054703614915e-01
1.189908817531678681e-01
1.289452820302503799e-01
1.294019701307665970e-01
1.241265773761457830e-01
1.217331173720070658e-01
1.287721189916567199e-01
1.305979242265550289e-01
1.253697643669459960e-01
1.321941396338584540e-01
1.216429215412706544e-01
1.261949207869292600e-01
1.297446605522250274e-01
1.305995907251709109e-01
1.317347558869339241e-01
1.256513636656002575e-01
1.321982488607396922e-01
1.272718352658081253e-01
1.297675432619181668e-01
1.321659077444367891e-01
1.295563762335927849e-01
1.322498637046432279e-01
1.171924010502462948e-01
1.297972280640385945e-01
1.313055359842497105e-01
1.322835450029427318e-01
1.283288310121073195e-01
1.212325234757622577e-01
1.296557580178039626e-01
1.321239763748543183e-01
1.306680077723307576e-01
1.249057743884288973e-01
1.312938883575467397e-01
1.304153752828139112e-01
1.350822966046988094e-01
1.209539661629240870e-01
1.216190493486163510e-01
1.256308040548542448e-01
1.303609490777607183e-01
