1.737735000685927678e-01
1.706407489272242228e-01
1.540449263256992440e-01
1.601121168739679801e-01
1.598983349274099297e-01
1.711504168250081448e-01
1.693086080501985669e-01
1.683288783825518387e-01
1.349351839493651839e-01
1.539282489809478682e-01
1.644238631471153789e-01
1.571234326449965912e-01
1.647320890615224520e-01
1.701936426948130743e-01
1.759638794112081961e-01
1.553229522654236971e-01
1.545455697362252134e-01
1.656846533558782308e-01
1.754936395359468770e-01
1.549687209745759242e-01
1.769052098802634254e-01
1.784021438504520551e-01
1.400080886750464659e-01
1.542502698023532348e-01
1.516934743178703360e-01
1.592885510352123335e-01
1.701388757696538356e-01
1.691811230131701205e-01
1.769778342592441545e-01
1.645436415817888576e-01
1.827807248509227267e-01
1.591987213724928574e-01
1.553082355374869328e-01
1.670826785082937249e-01
1.603053871586441192e-01
1.790196649077210878e-01
1.507771098772747453e-01
1.550509289163131410e-01
1.695709203918144281e-01
1.488511192950300599e-01
1.821920703065959823e-01
1.693640165273227194e-01
1.546382443483342028e-01
1.715435483905050074e-01
1.687867570239306725e-01
1.513935260909468339e-01
1.689525717865316412e-01
1.548491442752841785e-01
1.776121968783929139e-01
1.577357213247021217e-01
1.425396259101908425e-01
1.670945008441385715e-01
1.627693542408758520e-01
1.780830838351886436e-01
1.645334928179650602e-01
1.651260590285561769e-01
1.538823183991986643e-01
1.587104121192311756e-01
1.731658404685063601e-01
1.694688116179257908e-01
1.544413307865507567e-01
1.471513424232622491e-01
1.507448443403795191e-01
1.477239269676144939e-01
1.507314325877905647e-01
1.694600808535279834e-01
1.453199126834871513e-01
1.652326006504626632e-01
1.802661394094663139e-01
1.496574100767382176e-01
1.562910431695996305e-01
1.488999151659131104e-01
1.656830057217147933e-01
1.730573924515932116e-01
1.627917407970415620e-01
1.867371913217565071e-01
1.672028857809258195e-01
1.634804998897404771e-01
1.543629250981934375e-01
1.476663939874982845e-01
1.817758469865727311e-01
1.666852406177655732e-01
1.359264009676886542e-01
1.699216495682894790e-01
1.735113692684919218e-01
1.487534882057287289e-01
1.596177855902230214e-01
1.691262547274008932e-01
1.530785073488155068e-01
1.555100496942984911e-01
1.406698894061199356e-01
1.492123951238148172e-01
1.526985299398680163e-01
1.537311338627852519e-01
1.517335469430217132e-01
1.512780903373736607e-01
1.342752906989534423e-01
1.701602133715260645e-01
1.544440577755309407e-01
1.719847233225932359e-01
