2.004467612977105517e-01
1.821357146088512791e-01
1.719278358530212381e-01
1.652944291340358030e-01
2.004467612977105517e-01
1.970718873180555275e-01
2.004467612977105517e-01
2.004467612977105517e-01
2.004467612977105517e-01
2.004467612977105517e-01
1.624301859076113796e-01
2.004467612977105517e-01
1.983132281618029125e-01
2.004467612977105517e-01
1.696488851960128164e-01
1.745448181678557753e-01
1.966433401839452200e-01
1.622090308562712246e-01
1.829532553267498862e-01
2.004467612977105517e-01
1.614175013406983217e-01
2.004467612977105517e-01
1.661674068675395022e-01
2.004467612977105517e-01
1.447103353045489926e-01
2.004467612977105517e-01
2.004467612977105517e-01
1.828736470550850479e-01
1.398709770120909190e-01
1.762583591808729311e-01
1.717311895560015844e-01
2.004467612977105517e-01
2.004467612977105517e-01
1.625152642026402861e-01
2.004467612977105517e-01
2.120786376265405004e-01
1.653740286200247878e-01
2.004467612977105517e-01
2.004467612977105517e-01
1.698365840218452050e-01
2.004467612977105517e-01
2.004467612977105517e-01
2.004467612977105517e-01
1.883190982527916668e-01
1.688004171985091617e-01
2.004467612977105517e-01
1.977646684360428175e-01
2.136030373438798646e-01
2.004467612977105517e-01
1.631057365534868964e-01
1.570862453214279808e-01
1.900297462845046415e-01
1.162411852763362702e-01
1.554365514095407408e-01
1.929168208890836289e-01
1.972567938882139882e-01
1.971293725020627496e-01
2.004467612977105517e-01
1.140018127185989244e-01
2.004467612977105517e-01
1.990969400376259302e-01
1.622762923121868206e-01
1.332607859261280003e-01
1.853311688285924075e-01
2.004467612977105517e-01
2.004467612977105517e-01
2.004467612977105517e-01
2.004467612977105517e-01
1.697699347887377808e-01
2.004467612977105517e-01
2.004467612977105517e-01
1.541637526473488562e-01
2.004467612977105517e-01
1.260253461749298587e-01
1.749350839429958393e-01
2.013920964158742721e-01
1.677594377440289886e-01
2.004467612977105517e-01
2.004467612977105517e-01
2.004467612977105517e-01
1.839343178318692540e-01
2.004467612977105517e-01
2.004467612977105517e-01
1.809097358334046945e-01
2.004467612977105517e-01
1.605329600013040703e-01
1.514837675162316599e-01
1.930179806238420392e-01
2.004467612977105517e-01
1.344763383455244155e-01
1.886270742699727443e-01
1.490594791587173396e-01
1.973094906124045478e-01
2.004467612977105517e-01
2.004467612977105517e-01
1.438526479864462304e-01
2.004467612977105517e-01
2.004467612977105517e-01
2.004467612977105517e-01
2.004467612977105517e-01
