3.371253317284180762e-01
3.414001549354233056e-01
3.042924858268107879e-01
3.425438686788274678e-01
3.408732845458488092e-01
3.294639132844610629e-01
3.447122229653120651e-01
3.411605547770824587e-01
3.425163185950893530e-01
3.428240042540478538e-01
3.428623257262308766e-01
3.430548261830257961e-01
3.430741749028185517e-01
3.426547994050936907e-01
3.428491515286446467e-01
3.427634541389492084e-01
3.428461605620152786e-01
3.438315055896361550e-01
3.425532100179494166e-01
3.417634209579263893e-01
3.427715435670058985e-01
3.431109736786657205e-01
3.425444852510678984e-01
3.424005398221347529e-01
3.436050399594554050e-01
3.426080869420718988e-01
3.417784007682561076e-01
3.433003389780341919e-01
3.344737274656217063e-01
3.428983952069407093e-01
3.429782813601426894e-01
3.327954423724725497e-01
3.409088809180708113e-01
3.334493348119246803e-01
3.383237213430032031e-01
3.425490134262498265e-01
3.425609322310474991e-01
3.366846444227278856e-01
3.413828999777460682e-01
3.396413141653333301e-01
3.230036190080208813e-01
3.413651776330695609e-01
3.366064085118908311e-01
3.370858390712960784e-01
3.396119796284845505e-01
3.430143432902311718e-01
3.430700447943624276e-01
3.383786296885673006e-01
3.440292076620616313e-01
3.426786611554281659e-01
3.408291113981375409e-01
3.415760229364100953e-01
3.101632380968913361e-01
3.431092415371525539e-01
3.538026047836877463e-01
3.416164024331293514e-01
3.417622238491071496e-01
3.223673770639847724e-01
3.430069899390337240e-01
3.388484931857192461e-01
3.390636986566347710e-01
2.936572079633069099e-01
3.314067758200211489e-01
3.383437082875026536e-01
3.369027037476987063e-01
3.426584980431572891e-01
3.336973184353351773e-01
3.243807234103188164e-01
3.386421831068791577e-01
3.422598372709646508e-01
3.418743436181888029e-01
3.071047952599526010e-01
3.435578192290584254e-01
3.426131029766138480e-01
3.433502715135227090e-01
3.387605793887615846e-01
3.409013144974915588e-01
3.429683653705858370e-01
3.386003410435114436e-01
3.288037895137343458e-01
3.166439259299960729e-01
3.429779117283704437e-01
3.382038321485385524e-01
3.431076292866174771e-01
3.395338029255207668e-01
3.385918969041540327e-01
3.388125947208021627e-01
3.339716538165763970e-01
3.323771784182975031e-01
3.451820181142157273e-01
3.388171668482881094e-01
3.431892111765001974e-01
3.434374375407867053e-01
3.368800475946585604e-01
3.405941550690442798e-01
3.426297140369457539e-01
3.413137299200706964e-01
3.428654421875140246e-01
3.360965715750318661e-01
3.417173026203164654e-01
