2.173513141091482082e-01
2.172822637624373110e-01
2.171766042264359209e-01
2.170704933711814222e-01
2.171466696369149241e-01
2.172982167691934752e-01
2.171521215671983196e-01
2.173200983128680264e-01
2.173200964814470670e-01
2.170840009252147651e-01
2.173255686427687516e-01
2.171901239843529174e-01
2.172167823172261869e-01
2.173093120303421777e-01
2.171598301447322521e-01
2.172952772871827587e-01
2.172034757857158049e-01
2.173593420398521325e-01
2.172854013094208947e-01
2.174037014113467947e-01
2.172952371113979486e-01
2.174011422804512927e-01
2.173675654600499552e-01
2.173067922063691981e-01
2.172302376712484384e-01
2.172150868921897127e-01
2.172822253213768651e-01
2.170218520337005019e-01
2.171929753738557067e-01
2.172987667242032572e-01
2.172853610957128367e-01
2.173792962371904336e-01
2.172991272984198530e-01
2.171652762841096429e-01
2.172205632166299694e-01
2.171627617897406715e-01
2.173243845114642969e-01
2.172580667625925166e-01
2.173201002893497824e-01
2.171765680852366098e-01
2.172956808960130326e-01
2.172176659122700415e-01
2.172176664667019308e-01
2.171795093749711580e-01
2.173372966305013865e-01
2.172035227203393259e-01
2.172981875536223462e-01
2.172197023089351975e-01
2.177597428383513389e-01
2.172952772460219895e-01
2.174313019294387139e-01
2.173373399791898863e-01
2.173593803418439052e-01
2.173937158020715354e-01
2.171901296524180180e-01
2.172176196559116312e-01
2.171598667993724641e-01
2.173517563112445927e-01
2.172009544580368601e-01
2.172577231481283289e-01
2.173620620681752935e-01
2.172176275292502512e-01
2.172340286982195889e-01
2.170383235935723354e-01
2.173067942351376569e-01
2.174287538945120224e-01
2.171595935778375952e-01
2.172448781190759182e-01
2.173907924329802344e-01
2.173645474334161831e-01
2.172708045685481371e-01
2.172420369211903457e-01
2.172151279523332201e-01
2.173377953952038699e-01
2.173230310887011019e-01
2.172952770919890642e-01
2.173512692555240600e-01
2.174185185877779425e-01
2.174287943522546229e-01
2.173645903779883870e-01
2.172797533170970075e-01
2.173402858389848757e-01
2.172577253364638139e-01
2.174180738780976119e-01
2.171930082985617239e-01
2.173645474727479432e-01
2.173243845543411379e-01
2.173517607748867431e-01
2.171901219068144706e-01
2.172176628775960294e-01
2.171653061252950545e-01
2.171624103868116384e-01
2.172180262099427384e-01
2.172310827234799069e-01
2.173650381488647088e-01
2.171876509507128794e-01
2.172580289299155809e-01
2.171766081355352707e-01
2.173767636872594999e-01
2.173593841580784558e-01
