2.527391706155566742e-01
2.531537536382069131e-01
2.661626831390613845e-01
2.497994054041334511e-01
2.519271970094733581e-01
2.490153104799386896e-01
2.531559463444132407e-01
2.353071170748759766e-01
2.498315312791075382e-01
2.531557287097168096e-01
2.556082314986786175e-01
2.519335038910903712e-01
2.480399705317227477e-01
2.512490586770352863e-01
2.495349930623978474e-01
2.498025234317021170e-01
2.502054051540438806e-01
2.504142724488201965e-01
2.531516869499769729e-01
2.553049013128000366e-01
2.502444124431408290e-01
2.514105354106181411e-01
2.553183292547790972e-01
2.427677809823012012e-01
2.507970703349903796e-01
2.498305284538512583e-01
2.502492683760231262e-01
2.507817273584160289e-01
2.709773332387850897e-01
2.510846678275526211e-01
2.521542060587925183e-01
2.361062101690132864e-01
2.578106323173532943e-01
2.519676934907940091e-01
2.553049009962997107e-01
2.529322428766127562e-01
2.553049007718540819e-01
2.495270783037267792e-01
2.498102934013248233e-01
2.478345205230618187e-01
2.337783186254278056e-01
2.498320975418940049e-01
2.495343820579176697e-01
2.498325159723163991e-01
2.519290765871213256e-01
2.521577187427168631e-01
2.431251613623195418e-01
2.521194409184357998e-01
2.485380611618228375e-01
2.531564101435266889e-01
2.495367801623591120e-01
2.497770436832382757e-01
2.331199183684431464e-01
2.502422700568496250e-01
2.499099230930488802e-01
2.497907127727691801e-01
2.514472166712050649e-01
2.283835767484886092e-01
2.570786488730527619e-01
2.514527164063310449e-01
2.496428828487681773e-01
2.663340885257575730e-01
2.570790548564446665e-01
2.553190352437804123e-01
2.505903668394351413e-01
2.521818033673500770e-01
2.519259731499455257e-01
2.506934704226205235e-01
2.495332323348277703e-01
2.508417417254709680e-01
2.497975059448725721e-01
2.360179809343842527e-01
2.434357067448966183e-01
2.531656663303825106e-01
2.497995668688718363e-01
2.329340567899963743e-01
2.506438132252239437e-01
2.504385338677042605e-01
2.519942603601313391e-01
2.480497085731190599e-01
2.490842264955725471e-01
2.506253653971272088e-01
2.514443789359810943e-01
2.570790212061578317e-01
2.519948901836919219e-01
2.508347492043103699e-01
2.504150951423817495e-01
2.504032111991362775e-01
2.497910173250114940e-01
2.531544143975126837e-01
2.504515135231858425e-01
2.512155049639184234e-01
2.578092775114931845e-01
2.504051539802764625e-01
2.512509330095196725e-01
2.331944418396940388e-01
2.521276822654104910e-01
2.497910854690179316e-01
2.578106344486844614e-01
2.570794160637405179e-01
