1.823701209893849318e-01
1.952565645736992761e-01
1.863329473010574000e-01
2.137125088350829150e-01
1.840163036431465005e-01
1.967629289618480215e-01
2.102555680283204886e-01
1.922369043880422790e-01
2.065451502011138307e-01
1.832229757371255652e-01
2.111857660463023756e-01
1.799114247287463275e-01
2.066470769558037268e-01
2.010702340669529298e-01
1.897148975107736391e-01
2.079668300306488637e-01
1.882647447927749684e-01
1.871526387092881660e-01
1.983316730427884811e-01
1.821637141941286897e-01
2.196099950556992253e-01
2.086375183076783768e-01
1.821984894603079497e-01
1.891089429441614733e-01
2.316177911218377239e-01
2.190766057077931650e-01
2.132763202043707063e-01
2.108792204230391099e-01
1.841005252190780483e-01
2.070587335197706103e-01
2.080192455361167536e-01
1.720518715348654804e-01
2.162811679443168156e-01
1.826910377686896125e-01
1.768746316365674143e-01
2.071347836261785424e-01
1.829451071246070704e-01
2.090456812875065573e-01
2.028371373869284622e-01
1.675976536036016262e-01
2.232753508201739956e-01
1.974740158814439484e-01
1.782771170320848197e-01
1.988189223491998170e-01
2.051919823786901576e-01
1.780169628322789688e-01
2.109255539429394366e-01
1.798905181752624705e-01
2.211565298520784539e-01
2.091818645326514736e-01
1.802144713703001111e-01
2.112256460647739531e-01
1.882921518581104348e-01
2.052787258070677967e-01
1.823066931563625259e-01
2.056319338398918950e-01
2.150072218403798474e-01
1.762964460631177566e-01
2.120733467873981981e-01
2.031225179689979399e-01
1.815326654821743380e-01
1.758224529047419105e-01
1.899264075617329850e-01
1.836862668889503170e-01
1.729603647249864928e-01
1.921214119391533026e-01
1.932654248153074239e-01
1.909565657110691705e-01
2.195193243422055296e-01
1.777782612839423071e-01
1.977810064868049944e-01
1.749286661732004922e-01
1.887547601808040598e-01
2.158274112616029861e-01
2.114254249801403307e-01
2.003632415958493673e-01
2.010303863618804476e-01
1.774387693279315115e-01
2.100469947084917799e-01
1.829627251378297403e-01
2.160995714824008318e-01
1.974538316212147426e-01
1.874583858692688565e-01
1.971762052272431620e-01
1.991699231243704016e-01
2.012660325895860303e-01
1.844426537909526764e-01
1.920042013368343792e-01
2.046722921379501292e-01
2.140016689345367040e-01
1.912194516680635892e-01
2.114446344384878496e-01
1.725162799860188168e-01
1.829245817581789391e-01
2.143189824153461376e-01
2.065308219242839582e-01
1.917150703172715576e-01
1.844046442643919315e-01
1.800082709988507224e-01
1.894007335662775682e-01
