3.931594627923457597e-01
3.028681763506880786e-01
3.121824193811939541e-01
2.971104929095705893e-01
4.136995851975699967e-01
3.591968391310534359e-01
3.558045384498884633e-01
4.019698087344392712e-01
3.658770918971359642e-01
4.049578499332588399e-01
2.873413513529376462e-01
3.571663070982420418e-01
3.164658890913867317e-01
3.809720700878594379e-01
3.054552288795202575e-01
3.232333957311834816e-01
3.912069741952740043e-01
2.654159369668468993e-01
3.506266513837976717e-01
3.713731514861949301e-01
3.214131183906728806e-01
3.878975273478544872e-01
3.358833357081131843e-01
4.023158034293898844e-01
2.716462011806333732e-01
3.650933513591108626e-01
3.749596095121391359e-01
3.513219573866409040e-01
2.455124990890105163e-01
3.198846868288922618e-01
2.572343090874926741e-01
3.505547047993199938e-01
3.643754823214545580e-01
2.945230961084487897e-01
3.555732464318839825e-01
3.369180116021636140e-01
2.556756450421459048e-01
3.558727458343196037e-01
3.903641205750733589e-01
3.545913271886292906e-01
3.737327083607338563e-01
3.653884262537391847e-01
3.653951409471419831e-01
3.691388971802491703e-01
2.695264708184890723e-01
3.484982107637872306e-01
4.015020690710990325e-01
2.743541618670474747e-01
4.029733539032933631e-01
2.483458093663561961e-01
3.141640592944413557e-01
3.778157520936388791e-01
2.239853592968127638e-01
2.678402617284772469e-01
3.272078753957067265e-01
3.457737613291520518e-01
3.281933004834060585e-01
3.804737526624382138e-01
2.071963997316228212e-01
4.015541898631607709e-01
3.745003998052496841e-01
2.806548481156088126e-01
2.446484155626522383e-01
3.474556849756256782e-01
3.966295968498607105e-01
3.957677317705113329e-01
3.552279854290646410e-01
3.747872152688450642e-01
3.071182053789741073e-01
4.000594577182692291e-01
4.028983131926850425e-01
3.450382257198059133e-01
3.431696043384112049e-01
2.379043384532106564e-01
3.285889311005746882e-01
3.227215418085765952e-01
2.778627946874535071e-01
4.043506549288325425e-01
4.007467337500116300e-01
4.042967722437610378e-01
3.804656658345611508e-01
3.997343745184511188e-01
4.093159168140902415e-01
3.153952145602192947e-01
4.025719422391326185e-01
2.974110753431778442e-01
2.352330500087950471e-01
3.287921291706981664e-01
3.480213385782595648e-01
2.511395431840284242e-01
3.213407393796225420e-01
2.688645776431686785e-01
3.428600446572816485e-01
3.915635828611576663e-01
4.003191217997263962e-01
2.878379064818138433e-01
3.943320167799775344e-01
3.982625277623231819e-01
4.008869489732610480e-01
3.215559404596236015e-01
