2.360079822265319371e-01
2.339947766092347614e-01
2.339947766092347614e-01
2.339947766092347614e-01
2.339947766092347614e-01
2.339947766092347614e-01
2.339947766092347614e-01
2.339947766092347614e-01
2.339947766092347614e-01
2.339947766092347614e-01
2.339947766092347614e-01
2.339947766092347614e-01
2.339947766092347614e-01
2.339947766092347614e-01
2.339947766092347614e-01
2.339947766092347614e-01
2.339947766092347614e-01
2.339947766092347614e-01
2.339947766092347614e-01
2.339947766092347614e-01
2.339947766092347614e-01
2.339947766092347614e-01
2.339947766092347614e-01
2.339947766092347614e-01
2.341246953038857437e-01
2.339947766092347614e-01
2.339947766092347614e-01
2.339947766092347614e-01
2.339947766092347614e-01
2.339947766092347614e-01
2.339947766092347614e-01
2.339947766092347614e-01
2.339947766092347614e-01
3.296629778079288586e-01
2.339947766092347614e-01
2.339947766092347614e-01
2.339947766092347614e-01
2.339947766092347614e-01
2.339947766092347614e-01
2.339947766092347614e-01
2.339947766092347614e-01
2.339947766092347614e-01
2.339947766092347614e-01
2.339947766092347614e-01
2.339947766092347614e-01
2.339947766092347614e-01
2.339947766092347614e-01
2.383786432014712853e-01
2.339947766092347614e-01
2.339947766092347614e-01
2.339947766092347614e-01
2.339947766092347614e-01
2.339947766092347614e-01
2.339947766092347614e-01
2.339947766092347614e-01
2.339947766092347614e-01
2.339947766092347614e-01
3.304189695778678160e-01
2.339947766092347614e-01
2.339947766092347614e-01
3.168604103563566476e-01
3.277800965304482617e-01
2.337758366590478032e-01
2.342458710730265792e-01
3.223914630707734874e-01
2.339947766092347614e-01
2.339947766092347614e-01
2.339947766092347614e-01
2.339947766092347614e-01
2.339947766092347614e-01
2.338792079588899453e-01
2.339947766092347614e-01
2.339947766092347614e-01
2.338415996583780021e-01
2.339947766092347614e-01
2.339947766092347614e-01
2.339947766092347614e-01
2.339947766092347614e-01
3.157703611467527760e-01
2.997492964151204919e-01
2.339947766092347614e-01
2.339947766092347614e-01
2.339947766092347614e-01
2.339947766092347614e-01
2.339947766092347614e-01
2.339947766092347614e-01
2.339947766092347614e-01
2.339947766092347614e-01
2.339947766092347614e-01
2.339947766092347614e-01
2.339947766092347614e-01
2.346358805888760501e-01
2.339947766092347614e-01
2.339947766092347614e-01
2.339947766092347614e-01
2.339947766092347614e-01
2.339947766092347614e-01
2.339947766092347614e-01
2.339947766092347614e-01
3.068670761172122008e-01
