2.128690771386266833e-01
2.241269405928542624e-01
2.243668395364958046e-01
2.243116544229792619e-01
2.128690771386266833e-01
2.128690771386266833e-01
2.243672816423620819e-01
2.128690771386266833e-01
2.128690771386266833e-01
2.128690771386266833e-01
2.128690771386266833e-01
2.241738128922973750e-01
2.243461316831615870e-01
2.128690771386266833e-01
2.243527573551056531e-01
2.243864950911789169e-01
2.128690771386266833e-01
2.243278339827147194e-01
2.128690771386266833e-01
2.128690771386266833e-01
2.128690771386266833e-01
2.240756958643685681e-01
2.241177364341610800e-01
2.128690771386266833e-01
2.128690771386266833e-01
2.128690771386266833e-01
2.128690771386266833e-01
2.128690771386266833e-01
2.243078590396499761e-01
2.128690771386266833e-01
2.242667714557709246e-01
2.241294001067598851e-01
2.128690771386266833e-01
2.128690771386266833e-01
2.244773687794276718e-01
2.243699665345895433e-01
2.128690771386266833e-01
2.243694752126689229e-01
2.128690771386266833e-01
2.243115649626236108e-01
2.128690771386266833e-01
2.243168076666322563e-01
2.128690771386266833e-01
2.241170289606903843e-01
2.128690771386266833e-01
2.241728598253382720e-01
2.243260277372828571e-01
2.242184266488019551e-01
2.128488421518298923e-01
2.128690771386266833e-01
2.128690771386266833e-01
2.128690771386266833e-01
2.128690771386266833e-01
2.128690771386266833e-01
2.243014883832648021e-01
2.128690771386266833e-01
2.241673336394522653e-01
2.128690771386266833e-01
2.128690771386266833e-01
2.128690771386266833e-01
2.242723577005555913e-01
2.247347625388033399e-01
2.128690771386266833e-01
2.243018179016444125e-01
2.242892780587424639e-01
2.128690771386266833e-01
2.128690771386266833e-01
2.242577790141744853e-01
2.128690771386266833e-01
2.245411532783178621e-01
2.243936609444025787e-01
2.243564876821993737e-01
2.128690771386266833e-01
2.128690771386266833e-01
2.128690771386266833e-01
2.242007106577826592e-01
2.128690771386266833e-01
2.243182983411599329e-01
2.243132781425067612e-01
2.242271045113835848e-01
2.128690771386266833e-01
2.243522099137943149e-01
2.244289133005784864e-01
2.128690771386266833e-01
2.128690771386266833e-01
2.241474033995231319e-01
2.244111549983955622e-01
2.243925952077018282e-01
2.128690771386266833e-01
2.243530371776870924e-01
2.128690771386266833e-01
2.128690771386266833e-01
2.243935528204166474e-01
2.241653310514340469e-01
2.241848809540832876e-01
2.244178718668527472e-01
2.128690771386266833e-01
2.245262730916187111e-01
2.128690771386266833e-01
2.241891450428495636e-01
