3.668889945144905851e-01
3.730110985928730694e-01
3.228893638645817799e-01
3.723963320311402536e-01
3.730843111508111432e-01
3.574220784877889523e-01
3.878861057666821432e-01
3.722013123527491141e-01
3.744388017134929747e-01
3.738402757265911758e-01
3.434410568110948803e-01
3.731919793493356230e-01
3.727493712737552922e-01
3.499609667397583501e-01
3.715432666212434842e-01
3.727827147206178027e-01
3.730682544894346475e-01
3.679363301518235874e-01
3.737606668809200783e-01
3.539358310583433642e-01
3.740978653575244284e-01
3.735075516367865056e-01
3.482616622495668390e-01
3.681916957268952517e-01
3.661418217207332848e-01
3.734168473790984155e-01
3.734822863132045145e-01
3.092350769633845364e-01
3.539230076399255132e-01
3.746152989410851952e-01
3.712587282842649827e-01
3.501072967457255491e-01
3.687326076561615595e-01
3.460980744417780364e-01
3.712560984373582396e-01
3.736414159879201113e-01
3.739406554390700133e-01
3.437450107252275622e-01
3.730483842167088282e-01
3.710091525485051944e-01
3.398359996983302822e-01
3.735775142249079805e-01
3.731679996526309773e-01
3.543506444256436239e-01
3.731399043207374033e-01
3.722697307697162561e-01
3.737498571498402145e-01
3.732478869179456926e-01
3.650543139851168961e-01
3.729994567210304091e-01
3.736571364322192612e-01
3.536053088608187012e-01
3.512069851081581207e-01
3.714731693205435281e-01
3.227325704572772680e-01
3.728899576121842974e-01
3.730725997536163963e-01
3.553557956561370079e-01
3.739265106305036390e-01
3.736495690749989662e-01
3.738791162039408755e-01
3.103328173799359546e-01
3.024040144233057781e-01
3.734104279413338889e-01
3.733872029871232456e-01
3.734852155105673477e-01
3.449254408206066658e-01
3.399756605689777111e-01
3.702950393454328970e-01
3.665007996410987179e-01
3.738540605035501896e-01
3.314124908007254899e-01
3.673729873638283405e-01
3.714192878902796147e-01
3.731501998690958666e-01
3.357320333533841961e-01
3.739495375660978338e-01
3.740707866099646783e-01
3.732238418853210948e-01
3.778711652093614259e-01
3.458151862516922193e-01
3.719166524216978575e-01
3.746856294167733581e-01
3.425235464175344635e-01
3.719386310224951919e-01
3.734245562412089048e-01
3.735493947973041462e-01
3.399608963906274872e-01
3.715237845939179939e-01
3.744990482550908939e-01
3.732416377137872110e-01
3.727031206501015270e-01
3.520228462394895952e-01
3.716620166048873464e-01
3.739196618100593117e-01
3.357599816947083315e-01
3.735194584727998257e-01
3.723936597874747956e-01
3.740007532895260889e-01
3.736801762192317189e-01
