2.200032971434083828e-01
2.200032971434083828e-01
2.200032971434083828e-01
2.200032971434083828e-01
2.200032971434083828e-01
2.200032971434083828e-01
2.200032971434083828e-01
2.200032971434083828e-01
2.200032971434083828e-01
2.200032971434083828e-01
2.200032971434083828e-01
2.200032971434083828e-01
2.200032971434083828e-01
2.200032971434083828e-01
2.200032971434083828e-01
2.200032971434083828e-01
2.200032971434083828e-01
2.200032971434083828e-01
2.200032971434083828e-01
2.200032971434083828e-01
2.200032971434083828e-01
2.200032971434083828e-01
2.200032971434083828e-01
2.200032971434083828e-01
2.200032971434083828e-01
2.200032971434083828e-01
2.200032971434083828e-01
2.200032971434083828e-01
2.200032971434083828e-01
2.200032971434083828e-01
2.200032971434083828e-01
2.200032971434083828e-01
2.200032971434083828e-01
2.200032971434083828e-01
2.200032971434083828e-01
2.200032971434083828e-01
2.200032971434083828e-01
2.200032971434083828e-01
2.200032971434083828e-01
2.200032971434083828e-01
2.200032971434083828e-01
2.200032971434083828e-01
2.200032971434083828e-01
2.200032971434083828e-01
2.200032971434083828e-01
2.200032971434083828e-01
2.200032971434083828e-01
2.200032971434083828e-01
2.198079943665436353e-01
2.200032971434083828e-01
2.200032971434083828e-01
2.200032971434083828e-01
2.200032971434083828e-01
2.200032971434083828e-01
2.200032971434083828e-01
2.200032971434083828e-01
2.200032971434083828e-01
2.200032971434083828e-01
2.200032971434083828e-01
2.200032971434083828e-01
2.200032971434083828e-01
2.200032971434083828e-01
2.200032971434083828e-01
2.200032971434083828e-01
2.200032971434083828e-01
2.200032971434083828e-01
2.200032971434083828e-01
2.200032971434083828e-01
2.200032971434083828e-01
2.200032971434083828e-01
2.200032971434083828e-01
2.200032971434083828e-01
2.200032971434083828e-01
2.200032971434083828e-01
2.200032971434083828e-01
2.200032971434083828e-01
2.200032971434083828e-01
2.200032971434083828e-01
2.200032971434083828e-01
2.200032971434083828e-01
2.200032971434083828e-01
2.200032971434083828e-01
2.200032971434083828e-01
2.200032971434083828e-01
2.200032971434083828e-01
2.200032971434083828e-01
2.200032971434083828e-01
2.200032971434083828e-01
2.200032971434083828e-01
2.200032971434083828e-01
2.200032971434083828e-01
2.200032971434083828e-01
2.200032971434083828e-01
2.200032971434083828e-01
2.200032971434083828e-01
2.200032971434083828e-01
2.200032971434083828e-01
2.200032971434083828e-01
2.200032971434083828e-01
2.200032971434083828e-01
