2.762511670105657902e-01
2.678600135976708652e-01
2.755755668013690762e-01
2.772964263119490069e-01
2.776580597700568087e-01
2.777598248154588556e-01
2.777683053049219142e-01
2.746587374846866103e-01
2.755830508418044000e-01
2.755990710630174534e-01
2.719072525052322886e-01
2.777555701544125455e-01
2.774065111411420648e-01
2.777252499584293988e-01
2.755841334932598863e-01
2.779209457493750923e-01
2.779178305520284553e-01
2.778861435033280203e-01
2.765963541868327047e-01
2.768804067222870313e-01
2.765712214245555356e-01
2.778085636656876245e-01
2.772589131688581454e-01
2.726846888057167240e-01
2.756661430526559653e-01
2.755887448980093857e-01
2.756099298681032872e-01
2.714718446934810681e-01
2.653360086516196037e-01
2.756791378103954360e-01
2.746543912122594300e-01
2.717150806783716344e-01
2.762002489036264330e-01
2.650021950181818409e-01
2.770144974407576233e-01
2.765703121710075263e-01
2.766910148171247141e-01
2.756792099664291951e-01
2.755236682014501892e-01
2.703157182987498963e-01
2.759516668607733259e-01
2.746813105736910510e-01
2.737374987548388816e-01
2.756058230023158973e-01
2.746643176519654173e-01
2.746638526596632546e-01
2.728645740278502485e-01
2.746738322443242897e-01
2.619378078249519071e-01
2.776965986048620660e-01
2.746357499372764077e-01
2.570613637411378605e-01
2.729272574218259972e-01
2.586865281721918430e-01
2.755518887837311026e-01
2.774125118350198038e-01
2.746494768807181130e-01
2.762615833049674174e-01
2.717967929667427507e-01
2.746967649562101488e-01
2.762551527604238943e-01
2.731978920598841509e-01
2.632401852454584468e-01
2.643829787854656277e-01
2.771276782488905077e-01
2.769768183238332515e-01
2.588911769170949562e-01
2.755846471113139184e-01
2.747376642804219560e-01
2.593116333067075896e-01
2.778672466014953657e-01
2.723894634883708976e-01
2.721124874212170197e-01
2.773282543368985609e-01
2.756016210038557679e-01
2.726355906740869361e-01
2.746640109886889780e-01
2.766508764355702366e-01
2.718867224547586448e-01
2.777707182338291503e-01
2.777394596888179690e-01
2.777260722141281502e-01
2.737568432938692897e-01
2.752760749373932003e-01
2.778897418184209656e-01
2.774699234179731078e-01
2.756091594089576380e-01
2.777275949623482787e-01
2.754757229933176843e-01
2.754333371514258166e-01
2.774820375508201264e-01
2.776530400568094081e-01
2.762430005591121618e-01
2.755779055907213726e-01
2.755883457104340017e-01
2.735439259234625498e-01
2.746707230611368233e-01
2.746410263145875885e-01
2.774404749418013516e-01
2.685564609196079977e-01
