3.933594866413160918e-01
3.644599872485615455e-01
3.589065690669268061e-01
3.573565793771081855e-01
3.932040923337427607e-01
3.936559429711977698e-01
3.023052151442912616e-01
3.936559429711977698e-01
3.938111589826526204e-01
3.933594866413160918e-01
3.066072439219345580e-01
3.933617351499524850e-01
3.516463159692799212e-01
3.932040923337427607e-01
3.640530023377372970e-01
3.482406618062995340e-01
3.932040923337427607e-01
2.889437947258671202e-01
3.638142102075523354e-01
3.544428833196566209e-01
3.590299333737976273e-01
3.938111589826526204e-01
3.551197255409677678e-01
3.546129999954936163e-01
3.571975681688963622e-01
3.552022191838020149e-01
3.938111589826526204e-01
3.933594866413160918e-01
3.032765158094830604e-01
3.532458186054776017e-01
3.544085155312288182e-01
3.936559429711977698e-01
3.486663961942716994e-01
3.475467261675895814e-01
3.938111589826526204e-01
3.590243015287936656e-01
3.271955892384176834e-01
2.867328106947599209e-01
3.936559429711977698e-01
3.049821116257976916e-01
3.547193838133099186e-01
3.515661870683630674e-01
3.645370689187488744e-01
3.938111589826526204e-01
3.537245276526215787e-01
3.451685791864077535e-01
3.936559429711977698e-01
2.899986462546518817e-01
3.669635381688384212e-01
3.555573685096707903e-01
3.642980788605022502e-01
3.932040923337427607e-01
3.639745681371452934e-01
3.659342755980332096e-01
3.702247866652835784e-01
3.529372511200076223e-01
3.591104415054869325e-01
3.938111589826526204e-01
3.657004012989915065e-01
3.553455599944307375e-01
3.932040923337427607e-01
3.658635744542366730e-01
3.531369716495725841e-01
3.644520374736969770e-01
3.547320879976326724e-01
3.936559429711977698e-01
3.936559429711977698e-01
3.932040923337427607e-01
3.544085155312288182e-01
3.932040923337427607e-01
3.936559429711977698e-01
3.644436043415805182e-01
3.629714594241966741e-01
3.638470419620015162e-01
3.719934247390557225e-01
2.959127834657287459e-01
3.485011843058486991e-01
3.935170672066188313e-01
3.938111589826526204e-01
3.932040923337427607e-01
3.938111589826526204e-01
3.938111589826526204e-01
3.301613018547869260e-01
3.559220446510990565e-01
3.936559429711977698e-01
3.591217790431854850e-01
3.555102139304098241e-01
3.936559429711977698e-01
3.661058757810370379e-01
3.450438383229003092e-01
3.658503898279165112e-01
3.935170672066188313e-01
3.936559429711977698e-01
3.511220360437466437e-01
3.938111589826526204e-01
3.546210300001462756e-01
3.549363860467322218e-01
3.656367516967138354e-01
3.544085155312288182e-01
3.738850718817899321e-01
