1.326057724717044917e-01
1.308053873130582412e-01
1.373418835446406083e-01
1.327724516434228841e-01
1.297366265452840617e-01
1.419323696150911751e-01
1.336992686617127224e-01
1.377810375663149067e-01
1.319652999543507177e-01
1.338420213312597473e-01
1.400482040573438058e-01
1.308759710307239033e-01
1.394871059339124753e-01
1.333728045228020909e-01
1.276647525138308314e-01
1.354752548493153019e-01
1.348510335612233824e-01
1.366775215040476610e-01
1.432166604511923291e-01
1.357155628244698931e-01
1.348133081826992374e-01
1.314649396769034806e-01
1.400586531187466288e-01
1.363043853678627682e-01
1.325233767414093766e-01
1.311893446002721231e-01
1.330807376994105617e-01
1.328885138103891583e-01
1.343802405881046602e-01
1.403559482297040140e-01
1.448457494426765024e-01
1.412521382308878914e-01
1.364446820934242244e-01
1.283633638589067594e-01
1.388142863473526556e-01
1.453605745471634736e-01
1.271335365734863609e-01
1.354513787208478093e-01
1.473716059171996662e-01
1.333144070414764293e-01
1.323332549565213179e-01
1.278604740375160476e-01
1.420159267024085070e-01
1.367481350223465619e-01
1.446487653716174993e-01
1.320135184082048552e-01
1.459444143781831460e-01
1.324705287330373016e-01
1.362362521899515566e-01
1.311638634524272540e-01
1.323455884283753770e-01
1.441177129973864601e-01
1.305919554663282078e-01
1.419943234620327510e-01
1.319665826303064726e-01
1.350523326263554924e-01
1.299305546636320696e-01
1.285320473810734887e-01
1.495275704144066464e-01
1.372702246362840495e-01
1.466779566904811150e-01
1.346879016339931900e-01
1.344833109993102960e-01
1.367361000424286710e-01
1.325895837933013521e-01
1.442929152509303259e-01
1.303758461505815647e-01
1.363392023455287927e-01
1.309491669453469453e-01
1.308955081615801042e-01
1.302464217751168052e-01
1.392069210645834609e-01
1.403293247980828273e-01
1.295569323922108329e-01
1.396934205477514401e-01
1.268577744858737921e-01
1.390740595259173651e-01
1.418262037778547369e-01
1.337358070475006822e-01
1.490657760239017804e-01
1.415300019298035561e-01
1.516727374347678903e-01
1.306110245630270061e-01
1.416185674631541824e-01
1.349005796562416648e-01
1.400674598922427294e-01
1.383753693617211233e-01
1.398205880363016240e-01
1.319281623324042862e-01
1.445791508846995255e-01
1.345660684581309885e-01
1.360310772113581812e-01
1.441803168888262654e-01
1.310073256367654537e-01
1.362088138906439039e-01
1.359993585180985232e-01
1.299441670386280723e-01
1.389767562901708109e-01
1.317962867053748266e-01
1.358299185977433765e-01
