1.295017946042910928e-01
1.310899339636481531e-01
1.293063690498691964e-01
1.310899339636481531e-01
1.310899339636481531e-01
1.311680104512756573e-01
1.222616953945960538e-01
1.310899339636481531e-01
1.295017946042910928e-01
1.311680104512756573e-01
1.222467671710390225e-01
1.310899339636481531e-01
1.311680104512756573e-01
1.310899339636481531e-01
1.295066934159946892e-01
1.311680104512756573e-01
1.310899339636481531e-01
1.273385861668292207e-01
1.295017946042910928e-01
1.294344855182142373e-01
1.273385861668292207e-01
1.294222668961330092e-01
1.219975596976841797e-01
1.310899339636481531e-01
1.310899339636481531e-01
1.219645970203006996e-01
1.295017946042910928e-01
1.310899339636481531e-01
1.192547231033817129e-01
1.310899339636481531e-01
1.310219599241599364e-01
1.310899339636481531e-01
1.310899339636481531e-01
1.310899339636481531e-01
1.310899339636481531e-01
1.294232099125963709e-01
1.185601429636361365e-01
1.274145829854959056e-01
1.310899339636481531e-01
1.222467671710390225e-01
1.311680104512756573e-01
1.311680104512756573e-01
1.293063690498691964e-01
1.311680104512756573e-01
1.310219599241599364e-01
1.311680104512756573e-01
1.293859679952160668e-01
1.235415660815355615e-01
1.310921836300477095e-01
1.310899339636481531e-01
1.310899339636481531e-01
1.311680104512756573e-01
1.310219599241599364e-01
1.310899339636481531e-01
1.294232099125963709e-01
1.293063690498691964e-01
1.273385861668292207e-01
1.293859679952160668e-01
1.310219599241599364e-01
1.310899339636481531e-01
1.295017946042910928e-01
1.295787275602054700e-01
1.310899339636481531e-01
1.310899339636481531e-01
1.311680104512756573e-01
1.310899339636481531e-01
1.310899339636481531e-01
1.311680104512756573e-01
1.311680104512756573e-01
1.311680104512756573e-01
1.293063690498691964e-01
1.310219599241599364e-01
1.310899339636481531e-01
1.294309061430938546e-01
1.293409227369166636e-01
1.310899339636481531e-01
1.295027370416474699e-01
1.293063690498691964e-01
1.293859679952160668e-01
1.294354284456574466e-01
1.310899339636481531e-01
1.311680104512756573e-01
1.205648322842624298e-01
1.310899339636481531e-01
1.310899339636481531e-01
1.294354284456574466e-01
1.310899339636481531e-01
1.293859679952160668e-01
1.310219599241599364e-01
1.310899339636481531e-01
1.310899339636481531e-01
1.310899339636481531e-01
1.295700981694212772e-01
1.310219599241599364e-01
1.295028245841235714e-01
1.310219599241599364e-01
1.310899339636481531e-01
1.310899339636481531e-01
1.310899339636481531e-01
1.277205647692944146e-01
