4.585040083905195241e-01
4.689463076475828274e-01
4.383533834282894448e-01
4.697587795193068350e-01
4.693512474712820404e-01
4.599251825512792324e-01
4.769861500971325774e-01
4.476194509840637492e-01
4.626317642170102440e-01
4.365004318554724372e-01
4.598719080913987178e-01
4.710671527460177921e-01
4.650290086831534442e-01
4.705207304350076947e-01
4.586760465527649488e-01
4.636924940616045654e-01
4.752746965617073438e-01
4.491149922559007357e-01
4.716019240839137150e-01
4.585739118867508402e-01
4.684227476312715632e-01
4.607976931818861255e-01
4.579969638830093115e-01
4.368309777958221951e-01
4.790729801497969897e-01
4.733149669362063383e-01
4.709890531053194107e-01
4.532413752659556483e-01
4.910942985763842028e-01
4.566332131640053471e-01
4.674770987267076183e-01
4.570402115957591938e-01
4.628128972968107990e-01
4.313837810048809507e-01
4.478236293476729468e-01
4.589489377626421174e-01
4.735267648654911676e-01
4.546659296955505858e-01
4.565166594103032272e-01
4.436959801390699676e-01
4.608208252171347996e-01
4.741353406017247973e-01
4.636106658658273316e-01
4.534200194368888659e-01
4.594587659756690368e-01
4.529311892651205484e-01
4.584271745686337995e-01
4.363377862083069880e-01
4.666637475480978070e-01
4.681135205514680431e-01
4.739856389506035272e-01
4.488821855992416454e-01
4.741251347933139737e-01
4.608726489604482723e-01
4.456708395197725436e-01
4.381793393659840774e-01
4.640752610927357247e-01
4.568682115794741594e-01
4.472684498372421213e-01
4.591749526929133074e-01
4.522952054483965201e-01
4.511873723232114330e-01
4.468856535815194930e-01
4.571051081576841812e-01
4.143926938896776990e-01
4.684463564711343064e-01
4.613909435763517974e-01
4.588071422066794525e-01
4.563349493484689656e-01
4.521907126917742437e-01
4.659392485028302500e-01
4.116251268496759486e-01
4.638748297769849094e-01
4.683691175394797401e-01
4.451165425025993549e-01
4.414021860211608805e-01
4.449669912512925762e-01
4.754106385897398646e-01
4.415337684892653436e-01
4.922329674962037105e-01
4.953550445408480551e-01
4.624616773035244988e-01
4.598192531913503633e-01
4.642827254573645424e-01
4.595376939604999822e-01
4.343456601205267220e-01
4.549214553591091614e-01
4.716297184221868166e-01
4.672469313183656436e-01
4.649584392322356208e-01
4.574783653156152541e-01
4.646444119463218891e-01
4.558506624669478868e-01
4.562680672851250896e-01
4.767583987705286130e-01
4.587323670752994076e-01
4.492522804200172470e-01
4.771935298977134088e-01
4.665209019547778002e-01
4.624539450325271250e-01
