2.446219385537942714e-01
2.696292839089226012e-01
2.324544683396163047e-01
2.670771083186387895e-01
2.757278213564374192e-01
2.377805192931189415e-01
2.868477016123656687e-01
2.357550423211926816e-01
2.829561873170182151e-01
2.584015804003924055e-01
2.634864201797633698e-01
2.614526186397869156e-01
2.806689764308857304e-01
2.796561963567554820e-01
2.798318495381886262e-01
2.977839502400691507e-01
2.500015683919296072e-01
2.725782921550137794e-01
2.817362492428450715e-01
2.546231837164514289e-01
2.983965193098097601e-01
2.887843521385946577e-01
2.726972800432188593e-01
2.493584408988963053e-01
3.023316096051065771e-01
2.752557001081394894e-01
2.868276864995680242e-01
2.705755960757791900e-01
2.672887118934639261e-01
2.829775602319428152e-01
2.977912476594201663e-01
2.454740232810903033e-01
2.697556259408016577e-01
2.554637722406428169e-01
2.607249760046864706e-01
2.855737342529282574e-01
2.642774971562929509e-01
2.879285241049199251e-01
2.766452773177292546e-01
2.285637852980303419e-01
3.142149795351024677e-01
2.766715977067705223e-01
2.575034057377038055e-01
2.856467955374277778e-01
2.753025126982922011e-01
2.589439051636098221e-01
2.787198956863761734e-01
2.672809895981874684e-01
2.847605807844055814e-01
2.977722567125442588e-01
2.594822389718261513e-01
2.829154926747755039e-01
2.557683153715681335e-01
2.876609865941937572e-01
2.668548388895645163e-01
2.830092709572210041e-01
2.966859000816481906e-01
2.569980889247361899e-01
2.700556971414782570e-01
2.572206715216352468e-01
2.413659996257154772e-01
2.340902732633020344e-01
2.304949219484583034e-01
2.501517616480934403e-01
2.464601921349938995e-01
2.614447022357935801e-01
2.352980579481109003e-01
2.841198525883008030e-01
2.963354693963395903e-01
2.483939050835351769e-01
2.758550146429044059e-01
2.335220608010578069e-01
2.644002653601403852e-01
2.978130396318623974e-01
2.644495671728113728e-01
2.739548083985606231e-01
2.722990040912759424e-01
2.564968280437069925e-01
2.507699761643902847e-01
2.367029323603282165e-01
3.014407233232826444e-01
2.828910523340535943e-01
2.494759937636473746e-01
2.664943437310988150e-01
2.919498699244839623e-01
2.702590145691812773e-01
2.654916490819483887e-01
2.864177623609203693e-01
2.915985179736394484e-01
2.635625805701394819e-01
2.363089010087618957e-01
2.491811104597094206e-01
2.423149876118704804e-01
2.744798511223396908e-01
2.606252939069532149e-01
2.715162156588362685e-01
2.527570320064336795e-01
2.666120058517628677e-01
2.514122231655369633e-01
2.210040480135311847e-01
