1.678535085481284717e-01
1.420425362973861960e-01
1.496941762516103003e-01
1.698087335253846974e-01
2.558872475190308582e-01
2.567988935845225140e-01
1.767127103389630749e-01
2.573705850969351672e-01
2.484800383274657076e-01
2.540463595908362127e-01
1.377715695598128176e-01
1.630057969745594415e-01
2.452445464221388316e-01
2.538183211018432694e-01
2.375942076205391773e-01
2.310380843153761743e-01
1.821043950995268057e-01
1.441824173184339253e-01
1.550555658911866863e-01
2.570244583418999085e-01
2.362598888622535753e-01
2.532082008669132023e-01
2.384441824971038071e-01
2.578745842833263802e-01
1.500210037283661035e-01
1.725871111308917571e-01
2.527434746254947351e-01
1.621258118348066490e-01
1.432986491273656460e-01
2.560224193619672350e-01
1.525949386639449123e-01
2.551597866716954766e-01
2.525666650188757578e-01
1.340624238227122178e-01
1.723404699150132280e-01
2.392528722926795526e-01
1.846838220111658158e-01
1.621913509698120481e-01
1.713043093736870692e-01
1.712068150402821787e-01
2.411656998887337366e-01
2.562072289855594764e-01
2.380703851213909206e-01
2.565155031270606178e-01
1.607285364400375949e-01
2.581839188192633916e-01
2.572859566747078830e-01
1.674231874816503596e-01
2.201225923537927509e-01
1.551351490730442373e-01
2.311244689130127206e-01
2.538183211018432694e-01
1.212019620011197535e-01
1.515637676310125637e-01
2.380018995260810566e-01
2.571212502291195801e-01
2.372995201826000322e-01
2.521078249065278887e-01
1.370883005906011476e-01
1.654858559144388730e-01
2.551217030336925817e-01
1.619607046995917843e-01
1.540142960479144452e-01
1.531783117235306912e-01
2.571276106272916140e-01
2.562715923486096892e-01
1.625157643513602257e-01
2.561230046147459638e-01
2.567339137842898356e-01
2.580143666229749444e-01
2.561743276212773424e-01
2.353096475608709159e-01
2.387261907626977153e-01
1.226015856372983659e-01
1.338923632182135448e-01
1.527309110327912389e-01
1.314797408376289778e-01
2.549362777038280403e-01
2.565786880057479014e-01
2.567528477965820288e-01
2.524907618347690952e-01
2.570351667019732944e-01
2.145239548779439009e-01
2.544402492189686837e-01
1.846140172716819183e-01
1.371189801764703398e-01
1.597229672545361079e-01
2.521726717597920775e-01
2.557091824829635929e-01
1.565577881580939856e-01
2.566473645213250276e-01
2.538584173371499775e-01
1.680601577386916512e-01
1.419595817513150671e-01
2.570909961397464527e-01
1.564576398520901579e-01
2.575046834022819975e-01
2.567592313384727265e-01
2.567398596279634737e-01
2.213898647922601104e-01
