3.514631169110135067e-01
3.465838731605339618e-01
3.403026451146900500e-01
3.701452511203810469e-01
3.655042676783268885e-01
3.595988671463271058e-01
3.683841787277110091e-01
3.458863001356987654e-01
3.655975503171365326e-01
3.491530425873835553e-01
3.547269486257997317e-01
3.664771709184710957e-01
3.667477685489946015e-01
3.662974499241334891e-01
3.616532410189132740e-01
3.592081235697596187e-01
3.623618050166443894e-01
3.613504009913687254e-01
3.691999215239352150e-01
3.636022272612182138e-01
3.599679416413963939e-01
3.543169405920161275e-01
3.632638814335016897e-01
3.327164457208056647e-01
3.659101353521480582e-01
3.678528896532191061e-01
3.701198949982225650e-01
3.484000607226956370e-01
3.482824417050413013e-01
3.548931276730500350e-01
3.646787913119191038e-01
3.475956625002410427e-01
3.452577115586490941e-01
3.515490534325246275e-01
3.520636253476691624e-01
3.523374523565026006e-01
3.690139325585329866e-01
3.587290122288886995e-01
3.479166163134850276e-01
3.324233060836180309e-01
3.778987382905008574e-01
3.694215965970380489e-01
3.626809479748621667e-01
3.633084648568971065e-01
3.502491725254811006e-01
3.560543729568767524e-01
3.556682552455747159e-01
3.592228198407365070e-01
3.496112715700046558e-01
3.648242779001978908e-01
3.700535848176484954e-01
3.467332606659269123e-01
3.523485616508482687e-01
3.620896899476417907e-01
3.530035126014636759e-01
3.617876245723113948e-01
3.604277607632824232e-01
3.647068467669873360e-01
3.434350401694766242e-01
3.650112120290464057e-01
3.293894308097725099e-01
3.339618376128508093e-01
3.289225177333470751e-01
3.471018507139640441e-01
3.441201909675669635e-01
3.463051518222129976e-01
3.613701043052682804e-01
3.692182188226064699e-01
3.576187768241171905e-01
3.547813008656518496e-01
3.640897188663193562e-01
3.203752438436812677e-01
3.516486155458449225e-01
3.703508728037916420e-01
3.705843190836117795e-01
3.467151407417170539e-01
3.507319952025854670e-01
3.699414143174172276e-01
3.443223774604212140e-01
3.594847142646392935e-01
3.690461601241273315e-01
3.643841932579307552e-01
3.603708232056850869e-01
3.421075733111460515e-01
3.645910625792671556e-01
3.442217257092270999e-01
3.612650597126293994e-01
3.609839139410980779e-01
3.643484182053189913e-01
3.554181561904502518e-01
3.649004898871907043e-01
3.640678856115138751e-01
3.343008083967209942e-01
3.678016278606831557e-01
3.700001701175510971e-01
3.574309529851643630e-01
3.571754340869266464e-01
3.607940702012059075e-01
3.540460810004522618e-01
3.550738662330550355e-01
