4.747904576662023701e-01
4.847784026187438866e-01
4.558226709971993640e-01
4.856017994395044890e-01
4.852126671426060800e-01
4.762243372680193820e-01
4.924572934877963770e-01
4.645612452328251596e-01
4.788292455471365727e-01
4.543054798378565740e-01
4.760604237968108499e-01
4.868352382988843097e-01
4.811172251964035973e-01
4.861195230276292856e-01
4.752259639196432239e-01
4.799596256765824021e-01
4.907962519316304562e-01
4.660737069301156277e-01
4.873498898418295866e-01
4.749388140371400002e-01
4.843309098550260261e-01
4.771253996438321043e-01
4.744467699566298768e-01
4.544187472860016785e-01
4.942825247857350890e-01
4.889593121057976277e-01
4.868379153049784969e-01
4.695733505285865084e-01
5.058151444833117738e-01
4.731750122673690773e-01
4.835195411615633154e-01
4.733674969751808792e-01
4.788966197249137635e-01
4.494174207602098514e-01
4.649179837034208007e-01
4.753450049597085503e-01
4.891642115378646016e-01
4.712602220175174383e-01
4.729866253895754213e-01
4.609038047777634373e-01
4.770420343045168043e-01
4.897052329758050937e-01
4.796726402903868647e-01
4.700821928985562392e-01
4.758521301361730571e-01
4.696875031640952991e-01
4.747976949452286100e-01
4.541202217200689395e-01
4.826303295930336468e-01
4.840348784064886778e-01
4.895846760538107856e-01
4.658940791776030599e-01
4.895833273004612241e-01
4.771435621393272375e-01
4.626047765818706581e-01
4.558351540247312927e-01
4.802030747301150315e-01
4.734243690652746306e-01
4.641947622634836068e-01
4.756236615728972605e-01
4.690879672965767022e-01
4.677840824485122728e-01
4.637818722987022690e-01
4.735102231944521289e-01
4.335668086671238819e-01
4.844116392899777690e-01
4.775459728918728386e-01
4.751429190629998800e-01
4.728236264857125226e-01
4.688815907849044340e-01
4.819854676173162544e-01
4.307608396569264642e-01
4.798684660191579465e-01
4.843089104007350376e-01
4.625018188141784004e-01
4.585873721146100923e-01
4.621923215581218991e-01
4.909143897953550106e-01
4.588369187147980366e-01
5.069241636740781098e-01
5.097066114901578349e-01
4.786760796170163590e-01
4.761404571200352764e-01
4.803475082693727805e-01
4.759777797154660650e-01
4.522813964240409712e-01
4.715431775237947098e-01
4.872309668552290973e-01
4.832294712838449136e-01
4.809689142012941732e-01
4.740839102308812003e-01
4.807953096424452677e-01
4.722171933144874156e-01
4.727813050899551395e-01
4.922102020886081619e-01
4.750498062940526345e-01
4.663100508654440257e-01
4.925463324618981065e-01
4.823538140606018487e-01
4.786194135928984461e-01
