3.633577061125011776e-01
3.300087490693071057e-01
3.232521725430145265e-01
3.228699153324262050e-01
3.631844067418274480e-01
3.637354181715787282e-01
2.570727068887361244e-01
3.637354181715787282e-01
3.639084551413704904e-01
3.633577061125011776e-01
2.611977941956069027e-01
3.633138508894018237e-01
3.154703033950023161e-01
3.631844067418274480e-01
3.295874453371416823e-01
3.111433146810356765e-01
3.631844067418274480e-01
2.386437647777881754e-01
3.288945416957799184e-01
3.179658252076622560e-01
3.233891379301274682e-01
3.639084551413704904e-01
3.205958586867860838e-01
3.182486288079520720e-01
3.227539669023531399e-01
3.207087551861999009e-01
3.639084551413704904e-01
3.633577061125011776e-01
2.583128151405242878e-01
3.166255544089824348e-01
3.179688545340609851e-01
3.637354181715787282e-01
3.119989344296241196e-01
3.103703891125299541e-01
3.639084551413704904e-01
3.233892269656516438e-01
2.871640106024427874e-01
2.352180410089962648e-01
3.637354181715787282e-01
2.596950185501837316e-01
3.186262737714848359e-01
3.147137872184180285e-01
3.301083997848235363e-01
3.639084551413704904e-01
3.172228803760351878e-01
3.076951283467551646e-01
3.637354181715787282e-01
2.424325495074832193e-01
3.333180293771330627e-01
3.192856203475963883e-01
3.298564742252786952e-01
3.631844067418274480e-01
3.294334973571238501e-01
3.316568289769960542e-01
3.371475016670364977e-01
3.158910297091284125e-01
3.234824174043632317e-01
3.639084551413704904e-01
3.318937758061917820e-01
3.190923282347574719e-01
3.631844067418274480e-01
3.318023963549209809e-01
3.161661490256925666e-01
3.300136048723563698e-01
3.180289982438614937e-01
3.637354181715787282e-01
3.637354181715787282e-01
3.631844067418274480e-01
3.179688545340609851e-01
3.631844067418274480e-01
3.637354181715787282e-01
3.300013279151307599e-01
3.278942762770244435e-01
3.287458219601907539e-01
3.392419518837602732e-01
2.462712926627466659e-01
3.122148162931973614e-01
3.634870885451257361e-01
3.639084551413704904e-01
3.631844067418274480e-01
3.639084551413704904e-01
3.639084551413704904e-01
2.906962921843163627e-01
3.199253715359869354e-01
3.637354181715787282e-01
3.234966632829157085e-01
3.192784046696365285e-01
3.637354181715787282e-01
3.317959058999733757e-01
3.075811245710213804e-01
3.317925232213231879e-01
3.634870885451257361e-01
3.637354181715787282e-01
3.156288830468058637e-01
3.639084551413704904e-01
3.182114705305645885e-01
3.183087196550432596e-01
3.315282272434145194e-01
3.179688545340609851e-01
3.418933868000704757e-01
