2.858433952427245628e-01
2.624424248452452701e-01
2.672618276657159897e-01
2.251406269263603876e-01
2.829472926443858949e-01
2.838507988345776445e-01
2.179281192778259879e-01
2.828109093871433166e-01
2.760241113860282813e-01
2.859491617674133068e-01
1.866070256404249728e-01
2.170690057020422115e-01
2.733997848447159429e-01
2.831439214992428899e-01
2.682146700754317048e-01
2.622053285460538841e-01
2.853119136427602620e-01
1.870875109244916623e-01
2.859187531945030503e-01
2.842351669594297969e-01
2.659084809915399639e-01
2.821787573601026722e-01
2.693626595351499842e-01
2.855238853776889130e-01
2.098251626627254118e-01
2.582380968280956757e-01
2.786916609932817424e-01
2.045284182921064398e-01
2.293747575161903807e-01
2.857495478157170421e-01
2.839889841329711895e-01
2.824201606847632218e-01
2.778239067666578022e-01
1.845294599374152078e-01
2.864524190009096749e-01
2.678030931278729820e-01
2.255318499044900171e-01
2.053645487965689020e-01
2.858210753326440590e-01
2.136563012855073607e-01
2.719023466223380869e-01
2.833387460656759393e-01
2.703345319663492674e-01
2.836974069358164652e-01
2.049399211446114311e-01
2.828412573224808879e-01
2.861056975371866762e-01
2.168475459410803552e-01
2.533313014090584625e-01
2.833480820142955658e-01
2.624691063356935361e-01
2.830483552266167546e-01
1.832778987097029300e-01
2.110394102391208448e-01
2.785131125241629979e-01
2.857495478157170421e-01
2.679879256762954243e-01
2.787910253201844601e-01
2.010494316653780866e-01
2.867304556825347461e-01
2.850147731820908970e-01
2.047301194916587019e-01
2.055500236409992798e-01
2.685575087474621481e-01
2.843593714700201613e-01
2.838577704724009054e-01
2.061225503775122869e-01
2.869927969826137626e-01
2.834861165821149775e-01
2.869774602226781157e-01
2.827986496184277665e-01
2.687719335711172830e-01
2.834589693539188993e-01
1.908074135424323581e-01
1.941207542195134417e-01
1.964385764786975852e-01
1.953375453195092259e-01
2.869676223848749985e-01
2.827430952041607437e-01
2.868281539201562591e-01
2.819231380345234572e-01
2.843243957881281259e-01
2.460578419106579651e-01
2.814795180524168883e-01
2.845617868148301310e-01
1.982586261163084840e-01
2.042106213197694975e-01
2.801531012215339733e-01
2.866880465075579143e-01
2.016313772577906782e-01
2.845871625462486620e-01
2.865833587117179726e-01
2.825705986856555385e-01
2.772633193124025008e-01
2.849407417786573027e-01
2.047895424440036583e-01
2.849396911841478586e-01
2.843462306414313301e-01
2.840573546486871992e-01
2.522914472959593701e-01
