2.200651363942943417e-01
2.252765317150714763e-01
2.262666495832721947e-01
2.295406782683797886e-01
2.444508631189253878e-01
2.488386307546562592e-01
2.269647629600668182e-01
2.236126621376533785e-01
2.436781702443794884e-01
2.495614369160285007e-01
2.169897942444172778e-01
2.293506183518017327e-01
2.420397316185093073e-01
2.365639246759284609e-01
2.348864739249879596e-01
2.492426963073491319e-01
2.226017424523868138e-01
2.292918449554826044e-01
2.312932886332033089e-01
2.377470649408476577e-01
2.298969488271379036e-01
2.464806406520918813e-01
2.366113532011770992e-01
2.402082760495071467e-01
2.005685758488374437e-01
2.271118541035963834e-01
2.447974924340886038e-01
2.385918108140639704e-01
2.269696269101305064e-01
2.151763796783510707e-01
2.216372694439239788e-01
2.234361204355155284e-01
2.203026821692214421e-01
2.237332638452950440e-01
2.207606955791531489e-01
2.474585609708290779e-01
2.150867093974890010e-01
2.271818403260962571e-01
2.163897982615353155e-01
2.304052875743816675e-01
2.321830885026787972e-01
2.316955871920111376e-01
2.356978692417998900e-01
2.466557705615739227e-01
2.230830864980964390e-01
2.330886581166408122e-01
2.447525869606028692e-01
2.324376336981742175e-01
2.439305928432020654e-01
2.223645575425365339e-01
2.232762542339319090e-01
2.279015729824372671e-01
2.224996288976234526e-01
2.216549542666544081e-01
2.389331744818424808e-01
2.451506132895995005e-01
2.357017806305783947e-01
2.438167583180464171e-01
2.086618649081704024e-01
2.268303146431792650e-01
2.388045176752018051e-01
2.243540715886517545e-01
2.289008991861671283e-01
2.484562636075419439e-01
2.279015729824372671e-01
2.491871213235871130e-01
2.426210892862851465e-01
2.492929834033825731e-01
2.491025427563597072e-01
2.423695475444838376e-01
2.381690385041630442e-01
2.374760209892379514e-01
2.301636867374446949e-01
2.317293027875361178e-01
2.193017116199248717e-01
2.236957885847774552e-01
2.193295860431703770e-01
2.312637294277834765e-01
2.407094998597377189e-01
2.373630995122611442e-01
2.249752559661453155e-01
2.480486486615942621e-01
2.244624727773517348e-01
2.117172121020926001e-01
2.236199342476831997e-01
2.114663870478118990e-01
2.256451847032723279e-01
2.496306483966994338e-01
2.141489611378759872e-01
2.345368956869491595e-01
2.355181400852184026e-01
2.490744295972075473e-01
2.214216222104217480e-01
2.312258903509964714e-01
2.405437998943145694e-01
2.213439389843529781e-01
2.231661190181961352e-01
2.064015239710601524e-01
2.272329875183547454e-01
2.314933493619633631e-01
