2.079674167218943381e-01
2.697397668683152450e-01
2.677700872490281769e-01
2.775238150177902763e-01
2.079674167218943381e-01
2.102889938106324852e-01
2.079674167218943381e-01
2.079674167218943381e-01
2.079674167218943381e-01
2.079674167218943381e-01
2.587180584909942183e-01
2.079674167218943381e-01
3.089384308582081018e-01
2.079674167218943381e-01
2.894335528875787156e-01
2.761161924925919497e-01
2.073093770596280416e-01
2.562211658312777418e-01
2.661432887644766820e-01
2.079674167218943381e-01
2.809235697722212710e-01
2.079674167218943381e-01
2.521471842306642341e-01
2.079674167218943381e-01
2.505057291698754574e-01
2.079674167218943381e-01
2.079674167218943381e-01
2.844924411220391969e-01
2.312429832781575656e-01
2.929914418762031292e-01
2.292367188954800294e-01
2.079674167218943381e-01
2.079674167218943381e-01
2.718191303527306979e-01
2.079674167218943381e-01
3.338006716348398406e-01
2.166400935697954389e-01
2.079674167218943381e-01
2.079674167218943381e-01
2.580984130992845516e-01
2.079674167218943381e-01
2.079674167218943381e-01
2.079674167218943381e-01
2.115409714709722833e-01
2.481689846078476147e-01
2.079674167218943381e-01
2.113910315843147147e-01
2.730428207392355255e-01
2.079674167218943381e-01
2.224922097176700586e-01
2.486084211539000555e-01
2.126101009829304556e-01
2.029873908340064093e-01
2.439444796831959084e-01
2.050999170150021866e-01
2.099545330947194255e-01
3.235369775663654024e-01
2.079674167218943381e-01
1.672188552922191929e-01
2.079674167218943381e-01
2.079807695723936700e-01
2.302403517260090404e-01
2.272102507189395770e-01
2.873184635545451004e-01
2.079674167218943381e-01
2.079674167218943381e-01
2.079674167218943381e-01
2.079674167218943381e-01
2.918448449581231285e-01
2.079674167218943381e-01
2.079674167218943381e-01
2.231242420660959069e-01
2.079674167218943381e-01
2.154237981462359119e-01
2.975080676878684716e-01
3.191982099874687839e-01
2.461347713835623230e-01
2.079674167218943381e-01
2.079674167218943381e-01
2.079674167218943381e-01
2.785789378337106270e-01
2.079674167218943381e-01
2.079674167218943381e-01
2.837064256456198752e-01
2.079674167218943381e-01
2.735403925278293014e-01
2.137736595213897139e-01
3.223014257027986829e-01
2.079674167218943381e-01
2.175776788918008520e-01
3.028748293758984911e-01
2.290395656115765954e-01
2.139247361063582320e-01
2.079674167218943381e-01
2.079674167218943381e-01
2.359983919843997580e-01
2.079674167218943381e-01
2.079674167218943381e-01
2.079674167218943381e-01
2.079674167218943381e-01
