1.436810950715993462e-01
1.436810950715993462e-01
1.436810950715993462e-01
1.436810950715993462e-01
1.436810950715993462e-01
1.436810950715993462e-01
1.389148420889784741e-01
1.436810950715993462e-01
1.436810950715993462e-01
1.436810950715993462e-01
1.436810950715993462e-01
1.436810950715993462e-01
1.436810950715993462e-01
1.436810950715993462e-01
1.389148420889784741e-01
1.436810950715993462e-01
1.436810950715993462e-01
1.436810950715993462e-01
1.436810950715993462e-01
1.436810950715993462e-01
1.436810950715993462e-01
1.436810950715993462e-01
1.292715329555257642e-01
1.436810950715993462e-01
1.436810950715993462e-01
1.293648338665064068e-01
1.436810950715993462e-01
1.389148420889784741e-01
1.314410578899520288e-01
1.436810950715993462e-01
1.436810950715993462e-01
1.436810950715993462e-01
1.436810950715993462e-01
1.389148420889784741e-01
1.436810950715993462e-01
1.436810950715993462e-01
1.304697928877001922e-01
1.436810950715993462e-01
1.436810950715993462e-01
1.436810950715993462e-01
1.436810950715993462e-01
1.436810950715993462e-01
1.436810950715993462e-01
1.436810950715993462e-01
1.436810950715993462e-01
1.436810950715993462e-01
1.436810950715993462e-01
1.341905344563034397e-01
1.350080222377921524e-01
1.436810950715993462e-01
1.436810950715993462e-01
1.436810950715993462e-01
1.436810950715993462e-01
1.436810950715993462e-01
1.436810950715993462e-01
1.436810950715993462e-01
1.436810950715993462e-01
1.436810950715993462e-01
1.436810950715993462e-01
1.436810950715993462e-01
1.436810950715993462e-01
1.436810950715993462e-01
1.436810950715993462e-01
1.436810950715993462e-01
1.436810950715993462e-01
1.436810950715993462e-01
1.436810950715993462e-01
1.436810950715993462e-01
1.436810950715993462e-01
1.436810950715993462e-01
1.436810950715993462e-01
1.436810950715993462e-01
1.389148420889784741e-01
1.436810950715993462e-01
1.436810950715993462e-01
1.389148420889784741e-01
1.436810950715993462e-01
1.436810950715993462e-01
1.436810950715993462e-01
1.364392265916586910e-01
1.436810950715993462e-01
1.436810950715993462e-01
1.311715361814909941e-01
1.436810950715993462e-01
1.436810950715993462e-01
1.436810950715993462e-01
1.436810950715993462e-01
1.436810950715993462e-01
1.436810950715993462e-01
1.436810950715993462e-01
1.436810950715993462e-01
1.436810950715993462e-01
1.436810950715993462e-01
1.436810950715993462e-01
1.364392265916586910e-01
1.436810950715993462e-01
1.436810950715993462e-01
1.436810950715993462e-01
1.436810950715993462e-01
1.322497660440180023e-01
