1.445837493750860014e-01
1.444472234708426284e-01
1.445405885017734815e-01
1.446228588798602610e-01
1.445800393755121149e-01
1.445639894529957836e-01
1.445576505923588384e-01
1.445425495513251168e-01
1.445963476117861080e-01
1.446303241972395626e-01
1.446239017950543548e-01
1.445912087436687088e-01
1.445217223642247806e-01
1.446053480861297369e-01
1.446194160680448759e-01
1.445626929311937259e-01
1.445488228957012566e-01
1.445451908612784553e-01
1.445255223776857889e-01
1.445406004139619394e-01
1.444884797429110967e-01
1.445569808211898677e-01
1.446407078321060025e-01
1.445584810888072280e-01
1.446292021309591169e-01
1.445766187383372703e-01
1.445200730015930302e-01
1.446403239919866190e-01
1.446656151814013080e-01
1.445918440659385851e-01
1.446066316809766494e-01
1.445948311436368039e-01
1.446240595741617452e-01
1.446612868279858188e-01
1.447329506331199722e-01
1.445609736379517285e-01
1.445367147364280958e-01
1.446068778617122241e-01
1.446626633469403345e-01
1.445150486778305765e-01
1.445555987327116765e-01
1.445690019235725543e-01
1.446312134125439242e-01
1.446524898434664863e-01
1.445440882576307096e-01
1.445743380571979098e-01
1.445798250987188338e-01
1.445580914884734003e-01
1.456132699079834281e-01
1.445662784568077786e-01
1.445591302521298249e-01
1.446495474531173664e-01
1.445537142855994606e-01
1.445782551106905567e-01
1.446058349016905165e-01
1.445026856854011998e-01
1.445943138259839778e-01
1.446529659514184940e-01
1.446687733565840683e-01
1.445657452157509681e-01
1.445840234981731753e-01
1.447164522453968094e-01
1.446969021889342455e-01
1.446704045697944363e-01
1.446251209314148578e-01
1.445975239769703713e-01
1.445764766425328418e-01
1.445638620677782427e-01
1.444705705387735739e-01
1.445433286967336695e-01
1.445297152438653754e-01
1.446148803786931891e-01
1.446106753082609109e-01
1.446015926714404320e-01
1.446707030624038159e-01
1.444554446545888160e-01
1.445666092302531902e-01
1.446360074958323860e-01
1.445499483489204040e-01
1.446049141582570474e-01
1.445356861211190003e-01
1.446169092922842958e-01
1.445672915737490072e-01
1.445496687413595494e-01
1.446848403783879966e-01
1.445353193505921618e-01
1.445072753379243458e-01
1.445818145837418078e-01
1.446905271915860658e-01
1.445967674746823917e-01
1.446050450016724276e-01
1.445861436069117156e-01
1.446956642287240691e-01
1.446688073664441354e-01
1.446211463495131466e-01
1.445616913995089736e-01
1.446477068270816402e-01
1.446585985177157863e-01
1.445853604716120233e-01
1.445050682260313191e-01
