1.158821874722680556e-01
1.177107304568951740e-01
1.156785057421511054e-01
1.177107304568951740e-01
1.177107304568951740e-01
1.178015414738360633e-01
1.076306700593492732e-01
1.177107304568951740e-01
1.158821874722680556e-01
1.178015414738360633e-01
1.075356968839783212e-01
1.177107304568951740e-01
1.178015414738360633e-01
1.177107304568951740e-01
1.158365074987305482e-01
1.178015414738360633e-01
1.177107304568951740e-01
1.133564444130572141e-01
1.158821874722680556e-01
1.158072374925163683e-01
1.133564444130572141e-01
1.157953334570006321e-01
1.072662248344948832e-01
1.177107304568951740e-01
1.177107304568951740e-01
1.072431759231898540e-01
1.158821874722680556e-01
1.177107304568951740e-01
1.041264056271164612e-01
1.177107304568951740e-01
1.176337469432517102e-01
1.177107304568951740e-01
1.177107304568951740e-01
1.177107304568951740e-01
1.177107304568951740e-01
1.157949550047015358e-01
1.033533765185798980e-01
1.134424305972561997e-01
1.177107304568951740e-01
1.075356968839783212e-01
1.178015414738360633e-01
1.178015414738360633e-01
1.156785057421511054e-01
1.178015414738360633e-01
1.176337469432517102e-01
1.178015414738360633e-01
1.157654474084421903e-01
1.089966075513017357e-01
1.177189389323210628e-01
1.177107304568951740e-01
1.177107304568951740e-01
1.178015414738360633e-01
1.176337469432517102e-01
1.177107304568951740e-01
1.157949550047015358e-01
1.156785057421511054e-01
1.133564444130572141e-01
1.157654474084421903e-01
1.176337469432517102e-01
1.177107304568951740e-01
1.158821874722680556e-01
1.159667063586388991e-01
1.177107304568951740e-01
1.177107304568951740e-01
1.178015414738360633e-01
1.177107304568951740e-01
1.177107304568951740e-01
1.178015414738360633e-01
1.178015414738360633e-01
1.178015414738360633e-01
1.156785057421511054e-01
1.176337469432517102e-01
1.177107304568951740e-01
1.158044158492217562e-01
1.157045668293886914e-01
1.177107304568951740e-01
1.158818093036209085e-01
1.156785057421511054e-01
1.157654474084421903e-01
1.158068590791191954e-01
1.177107304568951740e-01
1.178015414738360633e-01
1.058372388463220404e-01
1.177107304568951740e-01
1.177107304568951740e-01
1.158068590791191954e-01
1.177107304568951740e-01
1.157654474084421903e-01
1.176337469432517102e-01
1.177107304568951740e-01
1.177107304568951740e-01
1.177107304568951740e-01
1.159576366778370671e-01
1.176337469432517102e-01
1.158827354967057882e-01
1.176337469432517102e-01
1.177107304568951740e-01
1.177107304568951740e-01
1.177107304568951740e-01
1.140993888502312287e-01
