3.121777820015973481e-01
3.115363020473256861e-01
3.085055122398814298e-01
3.553169967351790803e-01
3.190886916582824639e-01
3.584283299174638171e-01
3.433808750892660688e-01
3.251108932759065873e-01
3.610864821056201102e-01
3.469839813990505117e-01
2.984441010259821225e-01
3.356362766395075692e-01
3.477634691739891482e-01
3.313960569108188037e-01
3.285398068703539454e-01
3.236485790757832604e-01
3.308708294604339462e-01
3.093012962093882323e-01
3.157267931514377013e-01
3.247889238543226753e-01
3.198872753307542283e-01
3.611642284508964074e-01
3.165029841555041523e-01
3.271053643974788927e-01
2.966632338935352720e-01
3.191601265395290765e-01
3.121124498466822383e-01
3.003838961683376052e-01
2.958424516766970935e-01
3.168027559410636074e-01
2.851194913916658691e-01
3.436233685660433634e-01
3.210781226159571955e-01
3.355522862212350077e-01
3.283664121823242632e-01
3.463728860350487881e-01
2.977677912876879329e-01
3.377738249103471313e-01
3.251060753406064818e-01
3.208544255591684324e-01
3.422507454475386401e-01
3.399441288680773443e-01
3.154064412782630056e-01
3.090452127876572863e-01
2.899250630814539931e-01
3.227409823014252277e-01
3.194828983525761501e-01
3.376625691668056484e-01
3.281112468970502349e-01
3.014382818606395897e-01
3.191210579663250613e-01
3.405097085527825640e-01
2.834805046350612479e-01
3.039290697045248235e-01
3.296471184070099980e-01
3.290915057037527292e-01
3.292864043719193057e-01
3.457916691688550093e-01
2.856974567279638721e-01
2.959973354727170602e-01
3.572494628142984796e-01
3.224639872510792205e-01
3.151189667148032170e-01
2.959481539704666986e-01
3.390649285035760019e-01
3.198543216710922898e-01
2.978225675888805934e-01
3.479272427876700102e-01
2.843357984534363725e-01
3.312724661081984934e-01
3.489668268296018394e-01
2.909461980252645019e-01
3.336643991074070836e-01
3.281457474675998909e-01
3.163846388488467110e-01
3.344960720554577827e-01
2.974829614032795666e-01
3.542776984612274749e-01
3.459442241675531604e-01
3.464293503229102789e-01
2.804737511144110851e-01
3.679461487983884393e-01
3.167946475360793324e-01
3.187546008402782349e-01
3.284651280184181510e-01
3.229052410546859320e-01
2.854164314981061934e-01
3.600832594152947319e-01
3.433932336073209912e-01
3.032206836504752756e-01
3.332852272467750065e-01
3.025306294441139632e-01
3.231440595474077138e-01
3.234383355940519400e-01
3.479420471842092355e-01
3.019132431834129493e-01
3.435391999560615806e-01
3.393120674534240155e-01
3.358246006556901420e-01
3.266683155113009329e-01
