2.461992539377103884e-01
2.471064825034552104e-01
2.239728466172995203e-01
2.458592480654997747e-01
2.469867072265801988e-01
2.459979424033594264e-01
2.459054775486640421e-01
2.456954603214533961e-01
2.469891497612743403e-01
2.456853001548280901e-01
2.435000289134360840e-01
2.461559238713741382e-01
2.470588664849974747e-01
2.438191999508427243e-01
2.469965450245009408e-01
2.471209443608487766e-01
2.455504676738981262e-01
2.457029218698438544e-01
2.455710633471989146e-01
2.460295867732959774e-01
2.469363731918391702e-01
2.470890444305134659e-01
2.470628544446565045e-01
2.452880644524292331e-01
2.458537110827123118e-01
2.471408102340630630e-01
2.459561845626764276e-01
2.038588470771246219e-01
2.344286239499450419e-01
2.456425953401119855e-01
2.470693059642153633e-01
2.451353985942263947e-01
2.649785106388115041e-01
2.072799704795267317e-01
2.470822161565691122e-01
2.452451678004416435e-01
2.470064197788471583e-01
2.472640758486335799e-01
2.450336956285574519e-01
2.450587173715122191e-01
2.369027471468816981e-01
2.470623035144424995e-01
2.470172011427570480e-01
2.461324153930420922e-01
2.459057981105016999e-01
2.456719946554503653e-01
2.452442554118451912e-01
2.470843685108650434e-01
2.364756650873725274e-01
2.469752637731536526e-01
2.471107424351768056e-01
2.460830938425797310e-01
2.446525136388392752e-01
2.117619138641543552e-01
2.472845960084099348e-01
2.470170110644610284e-01
2.471456055521655260e-01
2.394893926156668740e-01
2.649822727615598894e-01
2.458375378074293682e-01
2.454974527082551816e-01
2.269936465728124575e-01
2.039989307947798480e-01
2.456827258412766501e-01
2.466792517266511997e-01
2.450392236902309007e-01
2.067161353534970325e-01
2.454904708697264182e-01
2.471078678116677141e-01
2.472142385759690253e-01
2.462970168246731428e-01
2.445952469268140583e-01
2.452577693429506267e-01
2.470132139577502495e-01
2.456535373615500728e-01
2.447492193125406779e-01
2.471727768968727534e-01
2.462520538086579447e-01
2.470808469158234377e-01
2.462162990522320238e-01
2.471841458022446814e-01
2.469224291918428738e-01
2.455714297691620474e-01
2.649732115356376316e-01
2.469589125930599927e-01
2.470887706833675146e-01
2.470908195723429679e-01
2.461157742012157201e-01
2.471999744515119279e-01
2.456366210445241893e-01
2.462079392799252642e-01
2.470509624896509437e-01
2.649764270020972257e-01
2.471623447853527611e-01
2.459265907188038502e-01
2.447456239193739336e-01
2.471093208761022952e-01
2.462707021355506620e-01
2.458100462018041887e-01
2.458525361077029958e-01
