2.390268176005201639e-01
1.927347884153401691e-01
2.130696983998838223e-01
2.391104681116603958e-01
2.388397100643636362e-01
2.374725462494230166e-01
2.358682268483262012e-01
2.377075257304849809e-01
2.387280795448813997e-01
2.391733603570808109e-01
2.378916427236205944e-01
2.386771878511012857e-01
2.389988704034212985e-01
2.379373369747305733e-01
2.390419343773212690e-01
2.392505569052321146e-01
2.386987945239695541e-01
2.388987961830195961e-01
2.388877565262767788e-01
2.356659845514295359e-01
2.390701763312938766e-01
2.375220464265385967e-01
2.349081487407957691e-01
2.383778358723662172e-01
2.387597013942228397e-01
2.395238978973436572e-01
2.389723754530633792e-01
1.808117746362458700e-01
2.225349540243241053e-01
2.394772611934884998e-01
2.390440098666189728e-01
2.379642999785588908e-01
2.386130496442998572e-01
1.746338216175513658e-01
2.380274127972170362e-01
2.380054072192888392e-01
2.392254817766283070e-01
2.163563818805075978e-01
2.364844519718872495e-01
2.382553218633671477e-01
2.270657646042910371e-01
2.386068819397368368e-01
2.388445579636490346e-01
2.344176249412341650e-01
2.387047181189485556e-01
2.387560612474676491e-01
2.387393320718860235e-01
2.388223889462301464e-01
2.142521342433108544e-01
2.396298271546907221e-01
2.387494940038852320e-01
2.352146554643605447e-01
2.392716540324359709e-01
1.800405853094139974e-01
2.381375023118900425e-01
2.380598265803079983e-01
2.387895386466794834e-01
2.223632857781633609e-01
2.359092353780009310e-01
2.388041778268575888e-01
2.385281928985204525e-01
2.056535916094198724e-01
1.461479160140298772e-01
2.388147884964764434e-01
2.377120786494154592e-01
2.389871187191907609e-01
1.746861076699815774e-01
2.195792336729384953e-01
2.391153803398380073e-01
2.390162734690444712e-01
2.392623898617230183e-01
2.159174444456335717e-01
2.387115018428876134e-01
2.387902446844056004e-01
2.387989721941070065e-01
2.133364053178717079e-01
2.384229605469839752e-01
2.384410501310298969e-01
2.387021142281406383e-01
2.386304884186079278e-01
2.322601450522791544e-01
2.380656774345618898e-01
2.378683631728246706e-01
2.171665052962826470e-01
2.386725989213276944e-01
2.375833659416728416e-01
2.387802632453303320e-01
2.320333247488432227e-01
2.382631765537762125e-01
2.381861601026244446e-01
2.387543932023122040e-01
2.394763436351864117e-01
2.380816487197401909e-01
2.386899986316666777e-01
2.387201839279455007e-01
1.787616652838521225e-01
2.386342785764543062e-01
2.387533965637847755e-01
2.387353795027976067e-01
2.389346637416940033e-01
