1.475140440134221353e-01
1.474789539952626738e-01
1.474670009399450532e-01
1.474747782450080424e-01
1.474660478546161169e-01
1.474764583876713442e-01
1.474920537321453007e-01
1.475328622541865198e-01
1.474753228394503346e-01
1.474896618318552455e-01
1.475104029081993062e-01
1.474311007662308104e-01
1.474848027513836757e-01
1.474524208384838941e-01
1.474833896382101439e-01
1.475200754831130223e-01
1.475029509833153951e-01
1.474809713876211181e-01
1.475226823427357448e-01
1.474844647448848023e-01
1.474980011319990403e-01
1.474811168928676919e-01
1.474660197511927229e-01
1.474336931053004951e-01
1.475105769604422856e-01
1.474840618094708233e-01
1.475095913455531371e-01
1.474659890914987170e-01
1.474939008900312265e-01
1.474867132845925632e-01
1.475158047762487601e-01
1.474507562510693204e-01
1.475149769347862128e-01
1.474530506309346400e-01
1.475174976784484615e-01
1.475000755128499652e-01
1.474549900637139865e-01
1.475003833927202301e-01
1.474661352107983214e-01
1.474299306869105153e-01
1.475470107388356655e-01
1.474944806016272036e-01
1.475151052918223793e-01
1.475227831392438571e-01
1.474352217913469099e-01
1.474502364955190825e-01
1.475044401216210055e-01
1.474853339141376229e-01
1.477308666031838524e-01
1.475055175519465189e-01
1.474825976567137042e-01
1.475192207317598814e-01
1.474794374819509701e-01
1.475080415154735869e-01
1.475104197207635914e-01
1.475017653657400840e-01
1.475161348407051931e-01
1.474279785765109374e-01
1.474647020507115214e-01
1.474997837676519097e-01
1.474778893921259715e-01
1.474883939444955050e-01
1.475193807390735579e-01
1.475132289035501199e-01
1.474739573976733831e-01
1.474574470586617614e-01
1.475087714405256822e-01
1.474606330834511425e-01
1.475235794695821667e-01
1.474988890885586823e-01
1.475026352428781828e-01
1.474541130693122204e-01
1.474950308853818781e-01
1.474505706307332464e-01
1.474858670767896507e-01
1.475523357930448309e-01
1.475354608916134569e-01
1.474289172131572623e-01
1.474772663493158220e-01
1.475011060109946148e-01
1.474811789477805946e-01
1.474702474685967157e-01
1.475283488607198323e-01
1.474753402182143736e-01
1.475153058188777844e-01
1.474938987407485580e-01
1.474826604723010748e-01
1.475024552303493830e-01
1.474505572187873315e-01
1.474876020799776866e-01
1.475335009348196780e-01
1.474879048131544912e-01
1.474763771380128985e-01
1.475139157380491728e-01
1.474966374314159168e-01
1.474624753286129242e-01
1.475027704764634018e-01
1.474604899488237697e-01
1.475046853546177206e-01
1.475094093671372175e-01
