5.089418490813238938e-01
5.031545608349865528e-01
4.769799165972418153e-01
5.214148627473026432e-01
4.836101172400233406e-01
5.090471308755104562e-01
5.327814143947438019e-01
4.804807024307793939e-01
4.923923191596669136e-01
4.873566697197642683e-01
4.854796624631039226e-01
5.013916974262230264e-01
5.195595828258704474e-01
5.092030490478466342e-01
5.008890256931718410e-01
5.086238869064469981e-01
5.070911258318693271e-01
4.897180450118910899e-01
5.231217908897751734e-01
5.064551541684573222e-01
5.132350587158760469e-01
5.192310333989526017e-01
4.853213532811667674e-01
4.515716678503239323e-01
5.218029360207928624e-01
5.254752220338415603e-01
5.229317445206038695e-01
5.043165634581298074e-01
5.356598438684314623e-01
5.064673963175067017e-01
5.053656855481393206e-01
5.083484098759201153e-01
4.735622966780920207e-01
4.818716601861344762e-01
4.910990819731726464e-01
5.061942176927451964e-01
5.262796266425576741e-01
4.742292705051139312e-01
5.036124235820382822e-01
4.767285650531278840e-01
5.113084131608803817e-01
5.264213808068142209e-01
5.096651697785078428e-01
4.935899623298049543e-01
5.029166846007034897e-01
4.686335496493811426e-01
5.042294231531608828e-01
4.708834966699020352e-01
4.875805697446727316e-01
5.163409732660667606e-01
5.046375853095295128e-01
4.697727986818409640e-01
5.080048767234893736e-01
4.942639694365297820e-01
4.969675444841875067e-01
4.716203566667793723e-01
5.109912687056900049e-01
4.894307851627540118e-01
4.899148168211946985e-01
4.868101885595507716e-01
4.990205920449501953e-01
4.861020082025678812e-01
4.933721801643398686e-01
5.051235081575898844e-01
4.468364019132738396e-01
5.108808377519560295e-01
5.032579283889693222e-01
4.773139348762061029e-01
5.051289577888172788e-01
4.750649622174438758e-01
5.150947016799094502e-01
4.542467010815627870e-01
5.064048952140630666e-01
4.857436366718747012e-01
4.715709611599745998e-01
4.770921965667025422e-01
4.964384513431952528e-01
5.146422415681293216e-01
4.941299900795072531e-01
5.071574279254091877e-01
5.134905494245073365e-01
4.989381781499055979e-01
4.915961854785022567e-01
5.094943160516773872e-01
5.011673346737905987e-01
4.753278905699651058e-01
5.038903976466513335e-01
4.837142969739101073e-01
4.852746232008789407e-01
4.859876344140618976e-01
4.960805421980273300e-01
5.138045842888833148e-01
4.751099541461031306e-01
4.748451746503682402e-01
5.324079776534790254e-01
5.009804968348411380e-01
4.885597567018297727e-01
5.198656323814342395e-01
4.951239322161183343e-01
4.953821030806913051e-01
