2.606476802475462540e-01
2.729129743892755866e-01
2.498161220229278834e-01
3.018361992142462036e-01
2.838179010647348122e-01
2.889432854320202471e-01
2.998548251817704791e-01
2.665461658396160449e-01
2.979231131511932973e-01
2.797547492947651815e-01
2.910882100417748752e-01
2.672753379941981700e-01
3.001505201584587224e-01
2.829194234813566800e-01
2.853835094289933760e-01
2.993105899623454969e-01
2.657606657376535564e-01
2.845145100964020513e-01
2.972225534303578054e-01
2.648623631882553453e-01
3.020998888242107938e-01
2.904100716067203880e-01
2.885873627026616095e-01
2.523820249394885806e-01
3.083664371495777878e-01
3.036506535982785304e-01
3.021117390849806239e-01
2.758278709725922595e-01
2.717965281337622607e-01
2.875547577053209625e-01
3.016336776544789045e-01
2.525393329812355980e-01
2.850046695732228463e-01
2.706254591045015312e-01
2.689312828916283205e-01
2.877897383523000951e-01
2.774862116378462029e-01
2.929734264315574932e-01
2.794296895389459245e-01
2.391332926277433546e-01
3.153734515881736478e-01
2.872011813553546067e-01
2.657680453949733401e-01
2.886825788663154868e-01
2.898036865724593070e-01
2.720528080567082285e-01
2.841870881294691897e-01
2.730907636929065796e-01
2.904389364156030329e-01
2.995837403835704960e-01
2.817355925950267292e-01
2.841653543450345931e-01
2.798680123977820289e-01
2.906146788671106762e-01
2.729974481062122371e-01
2.893908383157052788e-01
3.027256759883150683e-01
2.714869610118504362e-01
2.756805394847010593e-01
2.966863783739643323e-01
2.526036516561487311e-01
2.429078208644369352e-01
2.486268982900613211e-01
2.706451241589501455e-01
2.624925397167686691e-01
2.775759803106244150e-01
2.548382497117786527e-01
2.891454294132114744e-01
2.986841358873232322e-01
2.581479759205512758e-01
2.916355401375543277e-01
2.381690978757657617e-01
2.692044574831484183e-01
3.032781395295323090e-01
2.983665253418207874e-01
2.765362636704603583e-01
2.853301217705391801e-01
2.627538934299962770e-01
2.836623986085147764e-01
2.762356131319649855e-01
3.036782549382426311e-01
2.866949637258682237e-01
2.688896058536272560e-01
2.694292401088880795e-01
2.948261924373672960e-01
2.793172660970616450e-01
2.825084276859420318e-01
2.901856804070830909e-01
2.959057868116996559e-01
2.936355553275019625e-01
2.687093553604122387e-01
3.001195132761869111e-01
2.530877107569079465e-01
2.859247218940868529e-01
3.025308979049617930e-01
2.863251411851421846e-01
2.736426696723753826e-01
2.740691631999297995e-01
2.586243528599481145e-01
2.774327915791751642e-01
