2.782565894592119449e-01
2.777682211752068864e-01
2.741675883725962493e-01
3.271676808779185874e-01
2.860982712369553593e-01
3.304759708895750880e-01
3.135922964577301242e-01
2.929914697834195558e-01
3.334727808227148649e-01
3.177261208823715655e-01
2.625413135635626394e-01
3.048887428111228259e-01
3.185315826536728734e-01
3.000340089449364256e-01
2.969826167564350583e-01
2.916726557052920499e-01
2.995709399535099737e-01
2.750435867185613281e-01
2.822674649157526638e-01
2.926627718071267426e-01
2.871458010046791798e-01
3.333785467749588727e-01
2.822774540854874337e-01
2.950496688532328604e-01
2.610904001668615804e-01
2.863534805313465714e-01
2.778484792852436436e-01
2.642868277258084153e-01
2.597623034619420679e-01
2.835427523546029671e-01
2.469633371416418421e-01
3.138817532739606175e-01
2.882845949155896648e-01
3.049908638787178772e-01
2.967416765413626312e-01
3.168602197538821219e-01
2.617004409259001685e-01
3.073229988026374149e-01
2.932020997941168217e-01
2.882114403977762973e-01
3.123540504359580972e-01
3.099352342658074910e-01
2.820607836173859018e-01
2.739731012780991515e-01
2.524198129552563952e-01
2.902266603797774569e-01
2.861935558548673320e-01
3.078237688755247059e-01
2.961082851107422198e-01
2.657331266737582576e-01
2.863323164519430697e-01
3.101419055265863811e-01
2.447867242515952002e-01
2.689462553501323905e-01
2.981816476806852800e-01
2.974697485927687013e-01
2.975756012226663527e-01
3.165102851430265374e-01
2.475623807152604605e-01
2.594078277914638742e-01
3.293839448426496563e-01
2.905221503538344963e-01
2.819645878704932218e-01
2.595066527976923609e-01
3.087345056996268489e-01
2.871256815269335738e-01
2.613532278220486726e-01
3.185271819976095431e-01
2.452795534179467440e-01
2.997590435582572765e-01
3.197940185200447982e-01
2.533010992841653874e-01
3.025737732534571345e-01
2.973572215468023860e-01
2.832086342992733985e-01
3.037522683696227688e-01
2.615985986109499173e-01
3.255424215976199243e-01
3.164485937894201406e-01
3.168852700917057508e-01
2.410345428484842178e-01
3.407577290330867092e-01
2.831286447316823662e-01
2.856340232026822745e-01
2.966614647267456495e-01
2.905054587599271154e-01
2.471244124633889538e-01
3.326691097193604230e-01
3.134795050502633407e-01
2.680028774323795493e-01
3.022214983160884660e-01
2.668523367802803636e-01
2.911533346434072578e-01
2.914479355167333141e-01
3.183980087657538594e-01
2.667810814817982989e-01
3.137405375653499195e-01
3.088958554872132667e-01
3.048230120727626336e-01
2.949513071339717740e-01
