1.224098221466198844e-01
1.238707663568684864e-01
1.126475756956662605e-01
1.301929064467688135e-01
9.937755633167280611e-02
9.937755633167280611e-02
9.937755633167280611e-02
1.134327519173964627e-01
9.937755633167280611e-02
9.937755633167280611e-02
9.937755633167280611e-02
1.283751578765474632e-01
9.937755633167280611e-02
1.052480403311511908e-01
1.160674875503929643e-01
9.937755633167280611e-02
1.256698581190333897e-01
1.224083407050524375e-01
1.087788637552249971e-01
1.091439133052016786e-01
1.130840018727699986e-01
9.937755633167280611e-02
9.937755633167280611e-02
1.237996059838993579e-01
1.220935354349020618e-01
9.937755633167280611e-02
9.937755633167280611e-02
9.937755633167280611e-02
1.243740414309277009e-01
1.287484538480605789e-01
1.267364042719224815e-01
9.937755633167280611e-02
1.141609411389219730e-01
1.040415287293115776e-01
1.259773513363855735e-01
9.937755633167280611e-02
1.163007484773250499e-01
1.255594532473486569e-01
1.202993565126900255e-01
9.937755633167280611e-02
9.937755633167280611e-02
9.937755633167280611e-02
9.937755633167280611e-02
9.937755633167280611e-02
9.937755633167280611e-02
9.937755633167280611e-02
9.937755633167280611e-02
1.223438825505358540e-01
1.124355631965725105e-01
1.235250661018432727e-01
9.937755633167280611e-02
9.937755633167280611e-02
1.209190077059525831e-01
1.299966285461367776e-01
9.937755633167280611e-02
9.937755633167280611e-02
9.937755633167280611e-02
9.937755633167280611e-02
1.147410644329571183e-01
9.937755633167280611e-02
9.937755633167280611e-02
1.120361142142401595e-01
1.058013480617340657e-01
1.136678881280942799e-01
9.937755633167280611e-02
1.169768213993551270e-01
9.937755633167280611e-02
9.937755633167280611e-02
9.937755633167280611e-02
9.937755633167280611e-02
9.937755633167280611e-02
1.181023303663435164e-01
1.196476386026386757e-01
1.182078357818119457e-01
1.212085756150644844e-01
1.177010136848764821e-01
1.202405954703321816e-01
1.050619099784393246e-01
9.937755633167280611e-02
9.937755633167280611e-02
9.937755633167280611e-02
9.937755633167280611e-02
9.937755633167280611e-02
1.331407141582219567e-01
1.227518278549047520e-01
1.201303983190623592e-01
1.209879628851240341e-01
9.937755633167280611e-02
1.262276284180295083e-01
1.274021020212693922e-01
1.291772625311222999e-01
9.937755633167280611e-02
1.192505029779497155e-01
1.234555667631414416e-01
9.937755633167280611e-02
1.165695140260437773e-01
1.112324820993384616e-01
1.214469035905384187e-01
1.178940848768208344e-01
1.307911049427663286e-01
