2.764998539428269453e-01
2.881114385347219309e-01
2.664710587388865459e-01
3.155627765158346976e-01
2.982985933701557402e-01
3.032962011005700953e-01
3.136795527580666376e-01
2.821572157837299866e-01
3.118333912728888935e-01
2.946450557915128998e-01
3.053681027090598965e-01
2.827670228441513389e-01
3.139117324706137135e-01
2.974558085638821514e-01
2.997894155761467450e-01
3.131111988207586072e-01
2.812323064734238431e-01
2.989960339511821275e-01
3.110924349905127007e-01
2.804772130776054251e-01
3.158697902237461719e-01
3.047831374307771735e-01
3.028495608846345499e-01
2.689080826839858607e-01
3.218139479658838620e-01
3.173161253594721232e-01
3.158141721439273741e-01
2.909419824563907464e-01
2.870566900490450490e-01
3.020371055642927516e-01
3.152780166376999982e-01
2.689545467039964888e-01
2.996537698777753111e-01
2.859235037996138984e-01
2.843730685592733010e-01
3.022680347166979975e-01
2.923116061380818809e-01
3.071786723233896899e-01
2.943235912552360500e-01
2.565375802530883154e-01
3.283541352684659076e-01
3.016499114928644087e-01
2.813706215581288084e-01
3.030134965604766584e-01
3.041746947389737943e-01
2.872405748631369771e-01
2.988504304712198412e-01
2.883216993093855596e-01
3.047896273918753174e-01
3.134140598248413845e-01
2.964069437765877724e-01
2.987181910203183244e-01
2.946217286651745537e-01
3.047873454157886131e-01
2.881938173110031309e-01
3.037969043080040454e-01
3.164185113478519829e-01
2.866648323519793706e-01
2.908014307044585744e-01
3.106203618233979724e-01
2.690710911872412070e-01
2.600856498233184988e-01
2.653137069622457100e-01
2.857664313467751516e-01
2.782946004300077547e-01
2.924345410531921652e-01
2.710633064072388021e-01
3.034438082267101322e-01
3.126498633135078586e-01
2.742461925726744076e-01
3.058037953326258052e-01
2.557345519193491290e-01
2.846236045940792048e-01
3.169316270563682369e-01
3.123061717287275441e-01
2.915475360575175978e-01
2.999692577889406797e-01
2.784928259511793569e-01
2.984206221359312905e-01
2.911746104248059686e-01
3.172244368789803315e-01
3.012314548538581604e-01
2.842237325251582014e-01
2.847878307904443407e-01
3.088222752235137980e-01
2.943705372553758748e-01
2.971517891235498365e-01
3.044460645605576721e-01
3.099060619917721748e-01
3.078412338240502089e-01
2.841037679685535222e-01
3.139428467241233700e-01
2.694483024651657121e-01
3.003686590537748557e-01
3.162082738876960120e-01
3.007716120026938666e-01
2.888291967202729071e-01
2.890477021352427789e-01
2.747478213579376272e-01
2.922845056062256530e-01
