3.691366105939263842e-01
4.149190280418124099e-01
3.874136310130997241e-01
3.942623766862028423e-01
4.090038579675208119e-01
3.798602933370659462e-01
4.094682197618567665e-01
3.960325047396808240e-01
3.970718109712845223e-01
3.991253005354350458e-01
3.951949280746476223e-01
3.874524946759929644e-01
4.192401670890610887e-01
4.353912506174303920e-01
4.063451598649382990e-01
3.782776679200995362e-01
4.082216069006745496e-01
4.235386503227317467e-01
3.712803955985108928e-01
4.258788893547058585e-01
4.364797618170360161e-01
4.205758612419739362e-01
4.089016465733154582e-01
3.890156858453630573e-01
4.309310836316646576e-01
4.180912653398470291e-01
4.269420261540642358e-01
3.834786656415730688e-01
3.671942279526150821e-01
4.342991486040996829e-01
4.372001128362651978e-01
3.871232206218189198e-01
3.950031593595509927e-01
3.636695666463927723e-01
3.829484387834386494e-01
3.677556858660747108e-01
4.211589917217383738e-01
4.119384409027003757e-01
4.160700846090839011e-01
3.808769921039450446e-01
3.941273345987927890e-01
4.233489617087116130e-01
3.796072685008124448e-01
4.284810748521362678e-01
3.814093286658861714e-01
3.866922983399671554e-01
4.283357734317467247e-01
3.802069410678307615e-01
4.415639619242113789e-01
4.221097309454228119e-01
3.888259495000220278e-01
4.140610361846534526e-01
4.258690817872699541e-01
4.385104001966706466e-01
4.051497897622281519e-01
4.089766750155842123e-01
4.076694466331617916e-01
3.637913912675506678e-01
4.039711663962810562e-01
4.038597379694428557e-01
3.632695563984486009e-01
3.518094001007827654e-01
3.755873485276445822e-01
3.883010663961239395e-01
3.403506179196096326e-01
4.271225005263091234e-01
4.085987107444621347e-01
4.345924295078070765e-01
3.771099032866798706e-01
3.966763077692236350e-01
3.942053994978190201e-01
3.821117866634852756e-01
4.246519867866448972e-01
4.422759589928188517e-01
3.796472914322846504e-01
4.189390522179149978e-01
4.058901826481775554e-01
4.284933948974533613e-01
3.441943797817445527e-01
3.596179183017724768e-01
3.014509508992393449e-01
4.010538159441725536e-01
3.949298789778949992e-01
4.350999405270810638e-01
4.208357660159077751e-01
3.786889709070569987e-01
3.736103143635916002e-01
3.853493523765325057e-01
4.028129874161425206e-01
4.010506784998914553e-01
3.740431467346070904e-01
3.845458788612771683e-01
4.003977747882938587e-01
4.018529320872904487e-01
3.987575173882915158e-01
4.052758741485993910e-01
3.860550521294159876e-01
4.029376937522387570e-01
4.080305992254487091e-01
3.539794131416122425e-01
