1.781881873803988492e-01
1.780916651019877894e-01
1.781575735217710288e-01
1.782186847694957332e-01
1.782010079525642721e-01
1.781902602938368885e-01
1.781768521726796728e-01
1.781656387115730100e-01
1.782114558557125195e-01
1.782294600080337743e-01
1.782289172664829890e-01
1.782033266739425359e-01
1.781492967065474164e-01
1.782174910463814876e-01
1.782313719486375569e-01
1.781901974792066967e-01
1.781608122652045545e-01
1.781811969310990729e-01
1.781325018307258756e-01
1.781612054908782439e-01
1.781274255520103045e-01
1.781761872518849987e-01
1.782392350124393510e-01
1.781816374262526204e-01
1.782378417648913527e-01
1.781820526463100685e-01
1.781483002142628669e-01
1.782344407418966492e-01
1.782635487361276805e-01
1.781962218596574443e-01
1.782018784710749926e-01
1.782005049450041678e-01
1.782214884347382566e-01
1.782622586159468836e-01
1.783038881752538052e-01
1.781877420373954579e-01
1.781560957107500287e-01
1.782115243040947594e-01
1.782680274281017163e-01
1.781323866207636386e-01
1.781894306339518175e-01
1.781715573758721471e-01
1.782249375251137857e-01
1.782471214917232538e-01
1.781652793678887015e-01
1.781887358793163012e-01
1.782066465642289099e-01
1.781725403337117153e-01
1.790137587673317765e-01
1.781911020769205989e-01
1.781636419581489605e-01
1.782535976684201384e-01
1.781829887664285739e-01
1.781913758614727394e-01
1.782106375531694042e-01
1.781149523151306369e-01
1.782088014017642885e-01
1.782480793058434931e-01
1.782668380265940156e-01
1.781736740759786719e-01
1.781978542656372233e-01
1.782914916716683840e-01
1.782769319774649419e-01
1.782613398954746020e-01
1.782332355915668964e-01
1.782076280421373560e-01
1.781929818351166150e-01
1.781739327510325765e-01
1.781035796586399045e-01
1.781550654299404457e-01
1.781493879098078881e-01
1.782195401187537664e-01
1.782123015673516553e-01
1.782126310321419660e-01
1.782697568313487135e-01
1.780994776932933732e-01
1.781739768658817391e-01
1.782377361445495190e-01
1.781643676704409707e-01
1.782093402719168718e-01
1.781734143728623820e-01
1.782243913663501267e-01
1.781737511231331617e-01
1.781618793744010609e-01
1.782776022642896252e-01
1.781518924117815594e-01
1.781378479047343866e-01
1.781902147583286078e-01
1.782778509463517624e-01
1.782007163457203502e-01
1.782171890951405047e-01
1.782004738662059939e-01
1.782746628094019348e-01
1.782523849082108258e-01
1.782286999787440207e-01
1.781726658046372813e-01
1.782424628619133367e-01
1.782488645265093430e-01
1.781975141695795462e-01
1.781423370577501220e-01
