2.881347021404331854e-01
2.812620976332005918e-01
2.535090768286070717e-01
2.803875628586736113e-01
2.700243569148839118e-01
2.943688008325005545e-01
2.869969899947963365e-01
2.829451431195440514e-01
2.207330840159430485e-01
2.579530355040218770e-01
2.822238065165661447e-01
2.658862913081456170e-01
2.856796117428578863e-01
2.825634428542939114e-01
3.013431626851220679e-01
2.730191218482069804e-01
2.607757917821550975e-01
2.820723848943700873e-01
3.038036454082193583e-01
2.547256818480993501e-01
3.040394883980784835e-01
3.004639665270672499e-01
2.268098373947367297e-01
2.505612389454626165e-01
2.551303703301914805e-01
2.755358740697664843e-01
2.904963041923941947e-01
2.706400915136045193e-01
2.958533962948002860e-01
2.793503862205359289e-01
3.138288858471596221e-01
2.651782189160040715e-01
2.560826984018499952e-01
2.830392494005766202e-01
2.651991953762862231e-01
3.015643606123804554e-01
2.535686233472893569e-01
2.641803624165494080e-01
2.802989426140700679e-01
2.348400643754146588e-01
3.071833352401752149e-01
2.860190374420742421e-01
2.583861585465774269e-01
2.884494240600335435e-01
2.926940168467610515e-01
2.516023845111041712e-01
2.852387333697293248e-01
2.614466853755864073e-01
2.901208181043995471e-01
2.725042014456687811e-01
2.360047976136865899e-01
2.734653715285491615e-01
2.782511360352917795e-01
2.990055493725762847e-01
2.740355739327863804e-01
2.604109996823892881e-01
2.688545526122659846e-01
2.674824379766708726e-01
2.831976369673419591e-01
2.948373024993316549e-01
2.560286546569682797e-01
2.398437997238975494e-01
2.406112834255788868e-01
2.468681552127762746e-01
2.475617181926061949e-01
2.853015722879379545e-01
2.391844581073608034e-01
2.720701442237446477e-01
3.046320988745150893e-01
2.492917360181381714e-01
2.657080493782056907e-01
2.375866788080805703e-01
2.742365690961103830e-01
3.042127194999323936e-01
2.816700004440222393e-01
2.937691273155053628e-01
2.847402010009981166e-01
2.756165955959554159e-01
2.576604184491588234e-01
2.508579940483612325e-01
3.030134859004420811e-01
2.778306562359267318e-01
2.124248291437948744e-01
2.783794221141616121e-01
2.996586549993346948e-01
2.495924544144788038e-01
2.713787055838712825e-01
2.848110124840814716e-01
2.568469300595180305e-01
2.602326171229041862e-01
2.346625008816276559e-01
2.568549803557156896e-01
2.461780243677426649e-01
2.606313536426834720e-01
2.636387534703161228e-01
2.560099720392661760e-01
2.098675955798683102e-01
2.843980592254474193e-01
2.544687542618953024e-01
2.888502945486415840e-01
