2.399270992514601908e-01
2.300638951310449154e-01
2.392257816575771301e-01
2.411502718777169818e-01
2.415772592046615819e-01
2.416922340762875931e-01
2.416942000743908525e-01
2.379862114939779172e-01
2.390830823459084986e-01
2.391020623131894229e-01
2.347126929060404654e-01
2.416719226828374090e-01
2.412790931666917438e-01
2.416384881079482183e-01
2.390852589631101421e-01
2.418801710031262264e-01
2.418684270124029367e-01
2.418347237306036068e-01
2.402918498252032131e-01
2.406630129152591280e-01
2.402672961154371511e-01
2.417407748758689801e-01
2.410993771772577399e-01
2.356006652350667308e-01
2.391809635572799408e-01
2.390896639893080877e-01
2.391127107032628707e-01
2.344808660277054868e-01
2.270390691673199179e-01
2.391894134705911945e-01
2.379700780250450509e-01
2.345039228140578247e-01
2.398737282498834833e-01
2.265635023739761000e-01
2.408196607169097447e-01
2.402653798474523039e-01
2.404482735959070083e-01
2.391982606364384811e-01
2.390101739562084660e-01
2.328106608501537278e-01
2.395491192241281098e-01
2.380092607012744277e-01
2.368823240148706100e-01
2.391090985877016295e-01
2.379886290830139639e-01
2.379837557705909712e-01
2.358125074573242386e-01
2.379879052481151114e-01
2.228336509045387437e-01
2.416097983861577869e-01
2.379419608073974068e-01
2.169251841736368758e-01
2.359050702740436989e-01
2.190040499496843374e-01
2.390508292504612831e-01
2.412804126664465365e-01
2.379701679050830743e-01
2.399157204465920401e-01
2.346800779977915863e-01
2.380221201799596897e-01
2.399379506995424627e-01
2.363819550252517221e-01
2.245038834768713909e-01
2.258301668344917523e-01
2.409482661153032890e-01
2.407645747547721427e-01
2.191762830401170481e-01
2.390863310112736617e-01
2.380631616664957428e-01
2.196780017499163351e-01
2.418136818771778052e-01
2.352122939013410463e-01
2.349195208241671717e-01
2.411874318864525579e-01
2.391050769037182666e-01
2.355302038159525213e-01
2.379918891335032205e-01
2.403934564101714022e-01
2.346587939427982328e-01
2.416913744173425915e-01
2.416664335532128227e-01
2.416433352544702373e-01
2.368951775471073162e-01
2.388332498518477010e-01
2.418367556153377118e-01
2.413536750326150393e-01
2.391143264171990968e-01
2.416475046604204258e-01
2.389645577544534660e-01
2.389096920887298636e-01
2.413591098635178289e-01
2.415704025992568837e-01
2.399198129438823435e-01
2.390805471125694859e-01
2.390902213891180073e-01
2.366520164329236342e-01
2.379904266761022069e-01
2.379533922100209864e-01
2.413664499337548619e-01
2.307971734053652357e-01
