1.477623732961051706e-01
1.484931444160844105e-01
1.394415156553588109e-01
1.534321751750535034e-01
1.482581090881715524e-01
1.316957535607039265e-01
1.590483710964493147e-01
1.607412509244371124e-01
1.316957535607039265e-01
1.624350758811988760e-01
1.545949269937449966e-01
1.517199874572577045e-01
1.316957535607039265e-01
1.608602601574448121e-01
1.544219442081897486e-01
1.316957535607039265e-01
1.525787930823951644e-01
1.505575446968136499e-01
1.367337159193844354e-01
1.511439842812322965e-01
1.402498002026176249e-01
1.316957535607039265e-01
1.681601374265773718e-01
1.497991800402746210e-01
1.466531465685083080e-01
1.673702077743105254e-01
1.606773607847661878e-01
1.566386348764657044e-01
1.489648925336707341e-01
1.524330405185606585e-01
1.534782281617452782e-01
1.606671644910238894e-01
1.411129589414353291e-01
1.517605379560172663e-01
1.504429564649782947e-01
1.316957535607039265e-01
1.556702227074906186e-01
1.498719520077623768e-01
1.484945626133866436e-01
1.567690443864778460e-01
1.316957535607039265e-01
1.316957535607039265e-01
1.602204502376526063e-01
1.316957535607039265e-01
1.596815956962435168e-01
1.316957535607039265e-01
1.316957535607039265e-01
1.531857531629206570e-01
1.537107956581466317e-01
1.484788059742395139e-01
1.583950385242701986e-01
1.316957535607039265e-01
1.488702733955571400e-01
1.565340880532741508e-01
1.316957535607039265e-01
1.316957535607039265e-01
1.616459947009305231e-01
1.316957535607039265e-01
1.531098574963163372e-01
1.648258196793241925e-01
1.316957535607039265e-01
1.525909437179690242e-01
1.487005918342819699e-01
1.441175730863513416e-01
1.316957535607039265e-01
1.576326966255892081e-01
1.579288805052699030e-01
1.316957535607039265e-01
1.316957535607039265e-01
1.572675923344319660e-01
1.316957535607039265e-01
1.486834921763106887e-01
1.457464321324283552e-01
1.506013025650485004e-01
1.461851985804822340e-01
1.450952267439654941e-01
1.508846666921054014e-01
1.492463834737531858e-01
1.316957535607039265e-01
1.656305670946337794e-01
1.608097130135675012e-01
1.316957535607039265e-01
1.670228541155927560e-01
1.557999563070595617e-01
1.475168504146342485e-01
1.469819565109191373e-01
1.575589849439072709e-01
1.316957535607039265e-01
1.513198170782421303e-01
1.514902657662035024e-01
1.554988200748619875e-01
1.660679248905551908e-01
1.447139317927620406e-01
1.479625863403520869e-01
1.316957535607039265e-01
1.522602199452170735e-01
1.557562521575849845e-01
1.537649529550547123e-01
1.442328910611092307e-01
1.553532679964616803e-01
