2.693334156062470175e-01
2.439122883791328689e-01
2.491164148417426560e-01
2.023223195791339635e-01
2.661498872378235681e-01
2.672602545931719309e-01
1.947557974526744895e-01
2.660709633664382623e-01
2.587774952053696342e-01
2.694328084441247051e-01
1.581787399752952183e-01
1.926607805932849526e-01
2.560658238551025145e-01
2.662252050082302146e-01
2.504566967087961116e-01
2.439806373507406034e-01
2.685351992855483094e-01
1.591457069881279385e-01
2.693896458789152293e-01
2.676648029339431245e-01
2.476718141330025158e-01
2.653750167846881669e-01
2.513506302633453093e-01
2.688270591259300235e-01
1.840611252613340854e-01
2.390053232375234649e-01
2.614456512321018944e-01
1.788391148583376722e-01
2.077537600977128474e-01
2.691969901148175137e-01
2.671182515541888902e-01
2.656868345134879017e-01
2.608340154210577189e-01
1.553007096084251526e-01
2.699962334024287314e-01
2.497746886199388450e-01
2.033118546064354437e-01
1.803537745684517801e-01
2.692831408441711538e-01
1.898237166873412984e-01
2.545669024369277000e-01
2.667327113010515838e-01
2.524810792754557109e-01
2.668640300573693613e-01
1.790454826427984036e-01
2.663006323435500033e-01
2.695721304879915570e-01
1.939380639966945263e-01
2.337684221259706263e-01
2.664690441263335430e-01
2.440701228925068189e-01
2.661261869985694917e-01
1.533992530309161162e-01
1.857822829347618165e-01
2.615251475240661372e-01
2.691969901148175137e-01
2.499599751109221057e-01
2.618090560803089106e-01
1.740329532685305769e-01
2.702226177049403821e-01
2.683215886633869007e-01
1.790666273521258345e-01
1.803566491470324495e-01
2.506937027033237508e-01
2.675688380354976914e-01
2.671958831113503408e-01
1.805028228098214949e-01
2.705300150562560679e-01
2.667859301607501399e-01
2.704978306133260513e-01
2.661075092092426986e-01
2.510647516418714753e-01
2.666032760484607911e-01
1.627550101384505066e-01
1.662912574841646784e-01
1.694959424212758581e-01
1.673751118000662563e-01
2.704860661385476983e-01
2.660223891934622720e-01
2.703405897929300750e-01
2.650364998193008859e-01
2.674748412306503509e-01
2.260786448758636824e-01
2.647615116598341367e-01
2.677665816975067226e-01
1.710573433598955861e-01
1.782863685581238256e-01
2.631981638940263379e-01
2.701882524984013378e-01
1.751627049363350119e-01
2.680006161629988060e-01
2.700658717739634618e-01
2.658650149746256131e-01
2.602666266283735208e-01
2.681324885032404515e-01
1.787676677751149079e-01
2.681462623761818320e-01
2.675220520401873081e-01
2.672554097645484794e-01
2.330312613909426844e-01
