1.068848025938169133e-01
1.081018887039194160e-01
9.487024355281163668e-02
1.150230215386984500e-01
1.075771610306669873e-01
8.308869086492851053e-02
1.224144464765553331e-01
1.247804731914550075e-01
8.308869086492851053e-02
1.266739293633430963e-01
1.164731799411601737e-01
1.126554795653269408e-01
8.308869086492851053e-02
1.248454469687149959e-01
1.164600597954546790e-01
8.308869086492851053e-02
1.139126088460108710e-01
1.109407909132588410e-01
9.092278949850216008e-02
1.119192078522585204e-01
9.585932472191220632e-02
8.308869086492851053e-02
1.344364276663279345e-01
1.100541033187098783e-01
1.056599913561698939e-01
1.333526497913611331e-01
1.242538959671029841e-01
1.192176514598316528e-01
1.086200790981850656e-01
1.134538708277353369e-01
1.151593697446334913e-01
1.244600751611724121e-01
9.722117347216316374e-02
1.131592328317391899e-01
1.105900162897267003e-01
8.308869086492851053e-02
1.179883388909032521e-01
1.099029405812293331e-01
1.080372791254832071e-01
1.194781882131687734e-01
8.308869086492851053e-02
8.308869086492851053e-02
1.237298148278396792e-01
8.308869086492851053e-02
1.231359962229099658e-01
8.308869086492851053e-02
8.308869086492851053e-02
1.148557290948284543e-01
1.151572667544545486e-01
1.077300368957145316e-01
1.213635017237580105e-01
8.308869086492851053e-02
1.088412995684016338e-01
1.190132348086487685e-01
8.308869086492851053e-02
8.308869086492851053e-02
1.257726288743124254e-01
8.308869086492851053e-02
1.144497147795254938e-01
1.298213392714294701e-01
8.308869086492851053e-02
1.140183298788741278e-01
1.086259708131088048e-01
1.016662077725055541e-01
8.308869086492851053e-02
1.201934194024705110e-01
1.209461002661180173e-01
8.308869086492851053e-02
8.308869086492851053e-02
1.199507401605883622e-01
8.308869086492851053e-02
1.083062749950218229e-01
1.038130387799605231e-01
1.112267799435293358e-01
1.049943856600996789e-01
1.032325041293972040e-01
1.113506680254706532e-01
1.090502491073055275e-01
8.308869086492851053e-02
1.308700642677695092e-01
1.246969898072113891e-01
8.308869086492851053e-02
1.328285571248206398e-01
1.182855286930962896e-01
1.066841951488819162e-01
1.058902962667047781e-01
1.205608937698033900e-01
8.308869086492851053e-02
1.121719326716059534e-01
1.120526036443052487e-01
1.179223984153529581e-01
1.314800319859080191e-01
1.026481117225562512e-01
1.074025416304326824e-01
8.308869086492851053e-02
1.132980633455543396e-01
1.180609622592095620e-01
1.155167256291005640e-01
1.017458319712937209e-01
1.176080353831707725e-01
