1.736573874975335385e-01
1.736573874975335385e-01
1.736573874975335385e-01
1.736573874975335385e-01
1.736573874975335385e-01
1.736573874975335385e-01
1.699027824820324717e-01
1.736573874975335385e-01
1.736573874975335385e-01
1.736573874975335385e-01
1.736573874975335385e-01
1.736573874975335385e-01
1.736573874975335385e-01
1.736573874975335385e-01
1.699027824820324717e-01
1.736573874975335385e-01
1.736573874975335385e-01
1.736573874975335385e-01
1.736573874975335385e-01
1.736573874975335385e-01
1.736573874975335385e-01
1.736573874975335385e-01
1.625122014362333500e-01
1.736573874975335385e-01
1.736573874975335385e-01
1.625829119142039869e-01
1.736573874975335385e-01
1.699027824820324717e-01
1.640977670747952588e-01
1.736573874975335385e-01
1.736573874975335385e-01
1.736573874975335385e-01
1.736573874975335385e-01
1.699027824820324717e-01
1.736573874975335385e-01
1.736573874975335385e-01
1.635027931392789013e-01
1.736573874975335385e-01
1.736573874975335385e-01
1.736573874975335385e-01
1.736573874975335385e-01
1.736573874975335385e-01
1.736573874975335385e-01
1.736573874975335385e-01
1.736573874975335385e-01
1.736573874975335385e-01
1.736573874975335385e-01
1.664462559489769400e-01
1.669858284095045442e-01
1.736573874975335385e-01
1.736573874975335385e-01
1.736573874975335385e-01
1.736573874975335385e-01
1.736573874975335385e-01
1.736573874975335385e-01
1.736573874975335385e-01
1.736573874975335385e-01
1.736573874975335385e-01
1.736573874975335385e-01
1.736573874975335385e-01
1.736573874975335385e-01
1.736573874975335385e-01
1.736573874975335385e-01
1.736573874975335385e-01
1.736573874975335385e-01
1.736573874975335385e-01
1.736573874975335385e-01
1.736573874975335385e-01
1.736573874975335385e-01
1.736573874975335385e-01
1.736573874975335385e-01
1.736573874975335385e-01
1.699027824820324717e-01
1.736573874975335385e-01
1.736573874975335385e-01
1.699027824820324717e-01
1.736573874975335385e-01
1.736573874975335385e-01
1.736573874975335385e-01
1.681336935912957631e-01
1.736573874975335385e-01
1.736573874975335385e-01
1.638322125823649666e-01
1.736573874975335385e-01
1.736573874975335385e-01
1.736573874975335385e-01
1.736573874975335385e-01
1.736573874975335385e-01
1.736573874975335385e-01
1.736573874975335385e-01
1.736573874975335385e-01
1.736573874975335385e-01
1.736573874975335385e-01
1.736573874975335385e-01
1.681336935912957631e-01
1.736573874975335385e-01
1.736573874975335385e-01
1.736573874975335385e-01
1.736573874975335385e-01
1.644733073476001006e-01
