3.536110329700594690e-01
3.601326212498006107e-01
3.066810848887827623e-01
3.594036266427112492e-01
3.601518739906706679e-01
3.436152511780050101e-01
3.758077071592334506e-01
3.593348572012279862e-01
3.616001332931662593e-01
3.610285284085573143e-01
3.288658467101361338e-01
3.602687968567572785e-01
3.598163836868706333e-01
3.356595846785274118e-01
3.585555553046385069e-01
3.598611434353784500e-01
3.601622838817470917e-01
3.548144805932382240e-01
3.609120533170140366e-01
3.396565404124416987e-01
3.613541068540007672e-01
3.606733480276363424e-01
3.338076846590137259e-01
3.549842723352331642e-01
3.528359090389517894e-01
3.605595966515162121e-01
3.606668980636004163e-01
2.916316761392917511e-01
3.401783719491791036e-01
3.618425171845441324e-01
3.582574928398464253e-01
3.357778436893675278e-01
3.555303139661495360e-01
3.315674129505980505e-01
3.583058745408121415e-01
3.607770003946808024e-01
3.611274604013975931e-01
3.289596406219451596e-01
3.601312145594517400e-01
3.579580606089475259e-01
3.253382465335926121e-01
3.607185131708486314e-01
3.602828506707935197e-01
3.402048242117618471e-01
3.602539555611419253e-01
3.593495654788640969e-01
3.609856668212542141e-01
3.603800195597673950e-01
3.516044278313505966e-01
3.600983333204844095e-01
3.608279931731029344e-01
3.392719141705373143e-01
3.371623743594664990e-01
3.584605589356364974e-01
3.063974075033573108e-01
3.600246087945268569e-01
3.601520436862430397e-01
3.417550300285801534e-01
3.611732487481095211e-01
3.607961834721464256e-01
3.610517094315218167e-01
2.936293423280717518e-01
2.847992569161848508e-01
3.605275059852676711e-01
3.605230410196065827e-01
3.606231948574811219e-01
3.303905447393031825e-01
3.254594534491344615e-01
3.572124974676582077e-01
3.531950158347100244e-01
3.610392836838143826e-01
3.162198683063691673e-01
3.542428697581257446e-01
3.583966839919017766e-01
3.603166899104444099e-01
3.205821750442943152e-01
3.611351270047057915e-01
3.612360616826876258e-01
3.603309524800890618e-01
3.654105740646632072e-01
3.313762236093116820e-01
3.589454088274907639e-01
3.618686308855357803e-01
3.276259294953206003e-01
3.589498073865970973e-01
3.605652140517407456e-01
3.607171275103923103e-01
3.250941136147103006e-01
3.584848691695483036e-01
3.617482626314139638e-01
3.603273530865970797e-01
3.597181099270435056e-01
3.378634412440654211e-01
3.586823049723630308e-01
3.611234967914224159e-01
3.205029966280505405e-01
3.606465889335749853e-01
3.593868893671479658e-01
3.612884923518159819e-01
3.608528679249100035e-01
