1.714985224976326161e-01
1.714638271426724980e-01
1.714597001698598688e-01
1.714676374224499977e-01
1.714560797429256211e-01
1.714653249849731609e-01
1.714749908241419429e-01
1.715135813262298747e-01
1.714628831475795423e-01
1.714762178469342868e-01
1.714983111847570851e-01
1.714297766747077123e-01
1.714789642453258822e-01
1.714434306186730372e-01
1.714690718638195721e-01
1.715034873652121483e-01
1.714868885467622228e-01
1.714693846996733217e-01
1.715085501672641011e-01
1.714698683060052742e-01
1.714846497403713366e-01
1.714682466519632797e-01
1.714610478944935124e-01
1.714308725593239879e-01
1.714985474463652793e-01
1.714769436984061313e-01
1.714971624120904259e-01
1.714570254250698256e-01
1.714848812660396959e-01
1.714807571493920380e-01
1.715046378065068211e-01
1.714495017135680699e-01
1.715008143310436106e-01
1.714510655156884222e-01
1.714991386885273417e-01
1.714902322319367678e-01
1.714521416240699647e-01
1.714878338927903478e-01
1.714577384028809215e-01
1.714258278462161555e-01
1.715291883326419686e-01
1.714805479298963653e-01
1.715002636167490824e-01
1.715071596095843753e-01
1.714342221259541055e-01
1.714393694310743510e-01
1.714905353932115739e-01
1.714737601676908918e-01
1.716689236753251302e-01
1.714966436187589927e-01
1.714732442402323587e-01
1.715025374236559264e-01
1.714750492108548796e-01
1.714962620287812378e-01
1.714973412057098912e-01
1.714934819823447365e-01
1.715006869190909555e-01
1.714239351496828767e-01
1.714593112288776422e-01
1.714848688951259581e-01
1.714699015176887609e-01
1.714725123541091800e-01
1.715057248621488228e-01
1.715052495243563069e-01
1.714665698895486423e-01
1.714518154776546455e-01
1.714958680460131057e-01
1.714557647076837554e-01
1.715110420057136542e-01
1.714906946148074263e-01
1.714911435130380690e-01
1.714527947601598434e-01
1.714802813380522095e-01
1.714474278763827853e-01
1.714737882986281936e-01
1.715346053369913859e-01
1.715203536906987070e-01
1.714259344848226008e-01
1.714663277953452358e-01
1.714927112441702317e-01
1.714718046942168561e-01
1.714604974081486988e-01
1.715086126596793159e-01
1.714622486066027240e-01
1.714987066822472039e-01
1.714805763411540729e-01
1.714763695160128609e-01
1.714862507071252817e-01
1.714382760149852081e-01
1.714731236217381383e-01
1.715197222249039977e-01
1.714789656947195151e-01
1.714696801650886782e-01
1.714978551340848867e-01
1.714857580630535505e-01
1.714526707024757179e-01
1.714873189843628409e-01
1.714560734650544260e-01
1.714867683723711456e-01
1.714918129666725688e-01
