2.216213766937209229e-01
2.521271824835867870e-01
1.915876635575398113e-01
1.655172590532551780e-01
2.098870853167034978e-01
2.149345782940825234e-01
2.436498997977442627e-01
2.091075902844301004e-01
1.688082382959910088e-01
2.110511394563329146e-01
2.161800911008495696e-01
2.087421348977311075e-01
1.655172590532551780e-01
2.563739318826356861e-01
1.655172590532551780e-01
2.335664171381232612e-01
2.122862192486458521e-01
2.288521813755062528e-01
1.655172590532551780e-01
2.029206161692625465e-01
1.655172590532551780e-01
2.439127637097308621e-01
1.795865038623614407e-01
2.157153634665371078e-01
2.105600698123290260e-01
2.236986886781187345e-01
2.496869505953080159e-01
2.430396802105365961e-01
2.601963333350880148e-01
2.490988651812215404e-01
1.655172590532551780e-01
2.211853416211423118e-01
2.205613593474342882e-01
2.246841360364677520e-01
2.105577825931926050e-01
1.655172590532551780e-01
2.077250203147878449e-01
2.002012888358100651e-01
2.357321550740287819e-01
1.831737120083759829e-01
1.655172590532551780e-01
2.473391545820559645e-01
2.131952957199899912e-01
2.531589412410081841e-01
2.511883550056619452e-01
1.910837675545213055e-01
2.055976080570884046e-01
2.132080076989564532e-01
1.655172590532551780e-01
2.152284615001879842e-01
1.876420972212206884e-01
2.416165300549660555e-01
2.427945340331700008e-01
1.655172590532551780e-01
2.314751475923060020e-01
1.810397879472392391e-01
2.235435488309502339e-01
2.111993863714390074e-01
2.550971274638893505e-01
2.173185893171527272e-01
2.080284662167172227e-01
1.684953733509971796e-01
1.781173929423225943e-01
2.046122339503678722e-01
1.687675266999363044e-01
2.368354845903339889e-01
1.900270239400018990e-01
2.323945620876815554e-01
1.655172590532551780e-01
2.021612293640495661e-01
2.184858518836360342e-01
1.886441574893469308e-01
2.447088977509054575e-01
2.325705242367252790e-01
2.207289393072441597e-01
2.513481893404400092e-01
2.285054270189537662e-01
2.455787667634901084e-01
1.876104974655239677e-01
1.957807204700680592e-01
1.655172590532551780e-01
2.108730355055468686e-01
1.564264506234167851e-01
2.476384367529613773e-01
1.655172590532551780e-01
2.050093234322191149e-01
2.146752264138228339e-01
2.116579683905097375e-01
2.066841679774867879e-01
2.018101916094684201e-01
1.755638352533417379e-01
2.037980150471828400e-01
2.044039776328084035e-01
2.209285849302265181e-01
2.068630625565293368e-01
2.063316398513405925e-01
1.607432189442149217e-01
2.000374845457828510e-01
2.181178119215337052e-01
2.330945436851517560e-01
