3.973058425429566443e-01
3.990748241849460531e-01
3.685615574550015205e-01
3.995530278080268172e-01
3.982235725679639793e-01
3.934015708647258802e-01
4.040979256784614781e-01
3.980611759606007549e-01
3.993512082174914823e-01
3.996475293006465090e-01
3.993127320856219575e-01
3.995021657089867229e-01
3.995253507952392091e-01
3.994294928416135537e-01
3.993948417867270728e-01
3.992777348371467361e-01
3.992439301860825074e-01
3.995900108283710894e-01
3.993155503600955281e-01
3.947384768804533262e-01
3.994877556764075410e-01
3.995166311581670460e-01
3.981687451842508274e-01
3.946963293816301843e-01
4.004126404343072432e-01
3.997610202562744131e-01
3.991951392133887278e-01
3.997961195295239301e-01
3.821029887740577391e-01
3.996374924717615573e-01
3.993783240923440281e-01
3.938136906764950207e-01
3.979421078527153877e-01
3.927846362035474215e-01
3.986337154092577384e-01
3.997185583306074319e-01
3.992806624815823935e-01
3.956068509045445047e-01
4.001835770842501749e-01
3.965897695355017349e-01
3.801500442575296845e-01
3.994666535650148176e-01
3.948725704116260449e-01
3.930177736130835431e-01
3.977325854109458603e-01
3.995811109570469588e-01
3.994110131050939705e-01
3.982210906198657141e-01
3.999343198773594454e-01
3.994468062857656765e-01
3.991047418313961592e-01
3.944560173466018504e-01
3.784205874758035937e-01
3.994531508521573793e-01
4.042482308349068520e-01
3.946212234405644947e-01
3.991699295790963053e-01
3.798190262599427935e-01
3.993424970392426832e-01
3.990220345936328905e-01
3.975244022643176778e-01
3.637490795748380967e-01
3.895585078282384206e-01
3.956967463201110369e-01
3.974730555355237005e-01
3.997308589801611411e-01
3.927890626935545693e-01
3.860362208758089664e-01
3.984592181425486435e-01
4.003897275207879414e-01
3.967569292679404280e-01
3.740987877640788994e-01
4.004915410149950117e-01
3.995710729568320851e-01
3.996487049345295306e-01
3.972342242615390373e-01
3.991978860359345349e-01
3.995264166643693327e-01
3.987074338136199492e-01
3.937783530933544052e-01
3.810799348512809992e-01
3.994880020490757522e-01
3.984683925437259577e-01
3.996446279213312081e-01
3.978321767735731318e-01
3.975326606764297277e-01
3.983539022280899733e-01
3.893130771692948633e-01
3.924471857953227283e-01
4.021871347804367169e-01
3.987512196450323509e-01
3.994318499371123377e-01
3.993445077174252456e-01
3.974695461692368537e-01
3.993068367170233834e-01
3.993947656423201820e-01
3.993844229004958057e-01
3.994338868688412925e-01
3.970511301561712170e-01
3.991924487658536358e-01
