1.699871186739487783e-01
1.526158313306495984e-01
1.719132072488658847e-01
1.797684603145074389e-01
1.790539448557174063e-01
1.789117592134088219e-01
1.788175708554984866e-01
1.760716129468069546e-01
1.777463919963931105e-01
1.733376804573560914e-01
1.774968624833060393e-01
1.779326750827403547e-01
1.787349777133765971e-01
1.778916736841991697e-01
1.721745835302325445e-01
1.793563883088750421e-01
1.789229296826989057e-01
1.745302377620374101e-01
1.767718673349275571e-01
1.618834490911819912e-01
1.793834215448457947e-01
1.696177202307434517e-01
1.795001985192905269e-01
1.539799719127081801e-01
1.794772066305273250e-01
1.768782371969545852e-01
1.786774179808033047e-01
1.564067661427420985e-01
1.711466453322234293e-01
1.719761365544342502e-01
1.798389102026013708e-01
1.779170181786219329e-01
1.697971604708709559e-01
1.531121456042815743e-01
1.780209697411510028e-01
1.743119321550136991e-01
1.793669243576016814e-01
1.728482591270804891e-01
1.516838206629375907e-01
1.579895109878294290e-01
1.757578714595596781e-01
1.546593261258799035e-01
1.642335524959860904e-01
1.706044787770831517e-01
1.788479969919305745e-01
1.736896884442233890e-01
1.717856810166710768e-01
1.734603676537122829e-01
1.540619999284506825e-01
1.794036566124842802e-01
1.763459420672615630e-01
1.516180377417406799e-01
1.744469552196921958e-01
1.578094975843062076e-01
1.662251951203870814e-01
1.710197517027019776e-01
1.794481419490232543e-01
1.758023648009495454e-01
1.484153023165115381e-01
1.793544337275772560e-01
1.717351867528158493e-01
1.564916779023259596e-01
1.492456205128672997e-01
1.575571279236300526e-01
1.760507587275139396e-01
1.704865070946714467e-01
1.516636798059221858e-01
1.754589034345513110e-01
1.779076949805213081e-01
1.542912286926356180e-01
1.764315748160203146e-01
1.549465554721244642e-01
1.703901131246256528e-01
1.773539533581141303e-01
1.770486479225795995e-01
1.765489236103593984e-01
1.707051049231118056e-01
1.784736846907998553e-01
1.707480120898121068e-01
1.766911798647560761e-01
1.794317212928960292e-01
1.785026117820375513e-01
1.793264822358954791e-01
1.463477054078080319e-01
1.775465881088360842e-01
1.770422669136431093e-01
1.794959849881807290e-01
1.765508786871118063e-01
1.566902475221679525e-01
1.724461688503318990e-01
1.792838774921937384e-01
1.779339035099310184e-01
1.681661731362381618e-01
1.781203570016027249e-01
1.776965199869180445e-01
1.768831709178326494e-01
1.582051525718932705e-01
1.611207946559208293e-01
1.544957618908327779e-01
1.742857170724598226e-01
