1.244315117368615803e-01
1.243982866859546371e-01
1.244530468836170939e-01
1.243992496716056217e-01
1.244528563074387695e-01
1.244735094429458705e-01
1.245205216180702429e-01
1.245371591517519111e-01
1.244317793081089196e-01
1.244247039656529441e-01
1.245403323180353239e-01
1.244351320769324781e-01
1.244416437822953581e-01
1.245294829997889846e-01
1.244813135903821699e-01
1.243092566055251508e-01
1.243712370905305370e-01
1.245845428486760803e-01
1.245339518990094402e-01
1.244357925620016292e-01
1.244510247637402728e-01
1.245046407369903435e-01
1.243257048274399729e-01
1.244699888356079059e-01
1.244453619525020677e-01
1.244708087947684061e-01
1.244262882274722315e-01
1.266699181255886986e-01
1.245345031667827035e-01
1.246339343593432791e-01
1.244165704323899752e-01
1.244698270125584039e-01
1.245730301512770893e-01
1.266990404117689928e-01
1.244006818494149263e-01
1.244613279456953103e-01
1.244650778364371352e-01
1.243446111120858483e-01
1.243145267943255028e-01
1.244142563892335768e-01
1.245707013923849360e-01
1.243201087161442814e-01
1.244322408989403106e-01
1.245234940499107268e-01
1.245043615850762037e-01
1.245038334075013464e-01
1.245451138018719289e-01
1.245676549420578622e-01
1.246529068633714099e-01
1.244565803451345293e-01
1.245575537790009485e-01
1.244493753522558088e-01
1.244232178726483312e-01
1.243092146372165308e-01
1.244023154830069672e-01
1.244485716049797547e-01
1.244752093763066003e-01
1.245589363848628728e-01
1.244071605263483010e-01
1.244675156149678552e-01
1.245851837180597527e-01
1.243495475353501578e-01
1.266217693999002469e-01
1.243956264696887415e-01
1.245230903993451710e-01
1.245502047001648266e-01
1.266785678735306564e-01
1.245970114349244234e-01
1.244697334260008170e-01
1.242919302610552140e-01
1.243213289520144899e-01
1.244961672775318912e-01
1.244794747685823433e-01
1.244784676374932342e-01
1.244276640513963389e-01
1.242981837317429228e-01
1.243895528390734362e-01
1.243178231345193202e-01
1.244914585144769464e-01
1.245280923237260112e-01
1.244080340317827577e-01
1.245341240815044520e-01
1.245271841344702118e-01
1.244236151149135383e-01
1.243476543078314150e-01
1.244698158396803089e-01
1.244491637172496085e-01
1.243668082649975748e-01
1.244606097239534942e-01
1.245084016519157760e-01
1.244973573687687268e-01
1.243949881252212064e-01
1.243475980762143440e-01
1.245162583725765576e-01
1.244862765613835992e-01
1.266475989657769863e-01
1.244713734391884319e-01
1.243579287908492537e-01
1.243943903207091056e-01
1.246333560520860029e-01
