1.517056831766372960e-01
1.498240984163313194e-01
1.370599917539847834e-01
1.447809884556499616e-01
1.444216872894480974e-01
1.488237678820153731e-01
1.555460426498230520e-01
1.384466821871351561e-01
1.457671071278177632e-01
1.634347530129399984e-01
1.550673148515574473e-01
1.412483769692319813e-01
1.469873761265306500e-01
1.651091858741538243e-01
1.468960233082275690e-01
1.441132174018520118e-01
1.487239117216963002e-01
1.385097756247162804e-01
1.357747060910756420e-01
1.578439218263212040e-01
1.445284521020229751e-01
1.510725015693464568e-01
1.345223998971038226e-01
1.458240603995875351e-01
1.551451049581842323e-01
1.514247691612363167e-01
1.757296724359206364e-01
1.608000518377150356e-01
1.395803463409650280e-01
1.444231206950132018e-01
1.538512330992023169e-01
1.724029199154698266e-01
1.388595579365526356e-01
1.525070543399540957e-01
1.537995972539471512e-01
1.467548588132390752e-01
1.478197465313580150e-01
1.441237480338762866e-01
1.483562528706296735e-01
1.508551008971120988e-01
1.593695050689986625e-01
1.535899459221676533e-01
1.362047340915101268e-01
1.538849213377957714e-01
1.433547237925636431e-01
1.762211010191682692e-01
1.506109581907263961e-01
1.400942032287577077e-01
1.481413723715871156e-01
1.516863161845005692e-01
1.540709910466429300e-01
1.387485861376360485e-01
1.384468745132181877e-01
1.510549008850941288e-01
1.563806226648097875e-01
1.613939821281955567e-01
1.458559190547594475e-01
1.411504258198756911e-01
1.466333190106292872e-01
1.422081774103920171e-01
1.462937862396475330e-01
1.576699771086093882e-01
1.508268833552075250e-01
1.512472252937997474e-01
1.519005986196318436e-01
1.592601012119908288e-01
1.432398224393017228e-01
1.484207779806464844e-01
1.419081300681258317e-01
1.369182671976279797e-01
1.503400373692029002e-01
1.508636133296496484e-01
1.497044723096172814e-01
1.478671112680951527e-01
1.500965793928650815e-01
1.505531309824229558e-01
1.534111044784574607e-01
1.453831763181097914e-01
1.524630065291106007e-01
1.569768371741145085e-01
1.458890586528054090e-01
1.480360261971157554e-01
1.440590743923840789e-01
1.505795316023207375e-01
1.480329445515575770e-01
1.405354428435755254e-01
1.454790532700114269e-01
1.452942827888013821e-01
1.390397643839820785e-01
1.482186952985107831e-01
1.665451916851217462e-01
1.675911919931142857e-01
1.425555458010918652e-01
1.482340729662852963e-01
1.607305528397281746e-01
1.662623073292515685e-01
1.492308906860272122e-01
1.488738797758287769e-01
1.389993900626920187e-01
1.502570082223920467e-01
