3.254923472479014923e-01
3.202545888372965166e-01
3.131993107466369830e-01
3.459424100663571200e-01
3.408664687696398854e-01
3.344612287637008796e-01
3.440325311452856472e-01
3.193440095011549906e-01
3.409064278888522259e-01
3.229116197823370116e-01
3.290798864904561638e-01
3.418798513831656227e-01
3.422259121181887020e-01
3.419925506146714866e-01
3.365762562929469626e-01
3.339220834810351368e-01
3.374552031858273349e-01
3.362184731813124827e-01
3.449124616001825183e-01
3.387478294743666019e-01
3.347852447117892760e-01
3.285347975135332610e-01
3.383608975062197821e-01
3.047733685050734720e-01
3.412504324055535831e-01
3.434963526216817109e-01
3.459052552458249385e-01
3.222200220935036441e-01
3.220620154092848630e-01
3.292338390241113522e-01
3.399322952163728595e-01
3.212558038363650947e-01
3.185024869509880396e-01
3.258890671047481313e-01
3.259627575745653316e-01
3.263880206935712014e-01
3.447242570442637377e-01
3.333808619779214943e-01
3.215064143152132070e-01
3.045594302838820489e-01
3.544582007310415062e-01
3.451717863779980577e-01
3.377828831984780455e-01
3.384656320319556211e-01
3.241925549428595343e-01
3.304361890727543494e-01
3.302255574036632169e-01
3.340290183830116888e-01
3.235634195474766939e-01
3.400880364101067643e-01
3.458174123530664557e-01
3.202827828591959247e-01
3.265208985456058977e-01
3.373065101412139888e-01
3.270621207929949037e-01
3.367294375170659104e-01
3.352058949402628718e-01
3.400544072152711927e-01
3.166410197478477517e-01
3.403302182785340468e-01
3.012261853241533505e-01
3.060532524183089964e-01
3.008529969672542048e-01
3.208000814989424021e-01
3.172679903137978763e-01
3.199468239968092931e-01
3.364918975845672677e-01
3.450452591841925432e-01
3.322166875000663877e-01
3.291928250908990883e-01
3.393446368624014609e-01
2.909923069862917488e-01
3.257296974464934936e-01
3.461622524542934398e-01
3.464266965752927363e-01
3.203441847319015712e-01
3.246185605785507633e-01
3.457350863852487466e-01
3.175688586721667206e-01
3.341972216556612918e-01
3.448938622156443867e-01
3.396313059876320262e-01
3.351909732638483352e-01
3.151705656114044962e-01
3.398766616213561020e-01
3.173986873315163271e-01
3.362073203682426348e-01
3.357565964020439719e-01
3.395697617625977882e-01
3.298570897405376234e-01
3.401986098181069007e-01
3.392334182823328881e-01
3.064943997505326645e-01
3.434022326028201011e-01
3.457705000403009099e-01
3.321507011897771866e-01
3.318041904613566739e-01
3.357896584624613379e-01
3.283569635479703930e-01
3.294685978660749637e-01
