3.019381038404823636e-01
3.011894523402434132e-01
3.055922887234237550e-01
3.021906157264730997e-01
3.025625337497468981e-01
3.025942972598322789e-01
3.010795550613035165e-01
2.915253464415135110e-01
3.024128743100308325e-01
3.019537126407760841e-01
2.892456284688819101e-01
3.022154510321755638e-01
3.023405673132619209e-01
2.894357726828531985e-01
3.024604378873537169e-01
3.023852373796564463e-01
3.023026830874147031e-01
3.022221240476856141e-01
3.023205963858568435e-01
3.022874206448555867e-01
3.022547274542693452e-01
3.002737987964579358e-01
3.027460689253095305e-01
2.982070969191013554e-01
3.023494381816657084e-01
3.023254394271246426e-01
3.023336641091243226e-01
2.663897628956497510e-01
2.973669709860604637e-01
3.031047426237606368e-01
3.024837917307404145e-01
2.894400051359481418e-01
3.031477351152682687e-01
3.002965617538326248e-01
3.016456248141749508e-01
2.979792866043023403e-01
3.021991866750686206e-01
3.026191654370593564e-01
3.026806130439388398e-01
3.018627792687773592e-01
2.978485547457880300e-01
3.022336774496243716e-01
3.024777458284135800e-01
3.006604439766808468e-01
3.023877947668630606e-01
3.030901782319864735e-01
3.031572909712244024e-01
3.010325865761003250e-01
2.841996033727659521e-01
3.023546397206120506e-01
3.023184301611545610e-01
3.027271466909290942e-01
2.895035809184607345e-01
3.023881894848955421e-01
2.906243620764457636e-01
3.031352757638562379e-01
3.022608759351854690e-01
2.974630161738984757e-01
3.031207113297438860e-01
3.022319923267947628e-01
3.020812877434351229e-01
2.974887924254585592e-01
2.556353121724184718e-01
3.022714000813562230e-01
3.001474167345958288e-01
3.021289044818443181e-01
3.019942435988315910e-01
2.906192499110321070e-01
3.022641866777185937e-01
3.023332278366805959e-01
3.023129272622837593e-01
3.057766564058657655e-01
3.016781569405114771e-01
3.022573012801619829e-01
3.022036382869222049e-01
3.025142101325685173e-01
2.979711460649577259e-01
3.020370239174114402e-01
3.031214576827425122e-01
3.021535582203229708e-01
3.027548730189618120e-01
3.023787675407108022e-01
3.001208358505578211e-01
3.028788664856345569e-01
3.024726998182892812e-01
3.001339300333484283e-01
3.023483437449271394e-01
3.027028292422304090e-01
3.019268817530009197e-01
2.919563510475690071e-01
3.022352092032108972e-01
3.024804127367530238e-01
2.972598075432207332e-01
3.025171914836211062e-01
3.025503643965039013e-01
3.022439914857708576e-01
3.022455198594890535e-01
3.023754061397386228e-01
3.023232855895578441e-01
3.031971877699897733e-01
