2.495212861130104154e-01
2.490373800095516954e-01
2.250050785607938808e-01
2.487607756797417247e-01
2.492623901158924071e-01
2.495607231326726627e-01
2.468959211583878488e-01
2.464501105934800707e-01
2.491255683100056517e-01
2.492506340178088087e-01
2.470912531617470431e-01
2.489870507964846713e-01
2.492900766893774711e-01
2.469889680092858530e-01
2.491403705145422143e-01
2.489781593883605704e-01
2.487696427578361957e-01
2.492014878393586097e-01
2.493071953545709929e-01
2.469329111410732136e-01
2.494484116231447668e-01
2.475589937638498494e-01
2.454524148757080138e-01
2.471040626253661054e-01
2.488573505350492321e-01
2.491584608677170354e-01
2.490456450343652151e-01
1.946137994922658987e-01
2.339064126440048019e-01
2.491696092091427173e-01
2.492668461379521916e-01
2.469529581012641084e-01
2.488070882374164849e-01
1.923808354717676250e-01
2.481760942467264586e-01
2.467942868887470775e-01
2.488722221619540653e-01
2.486605619694618741e-01
2.484672327878536535e-01
2.477913714278801860e-01
2.367225924720239016e-01
2.490643445356791885e-01
2.492602220614834607e-01
2.474511286581378700e-01
2.490349960999903023e-01
2.491405462522483516e-01
2.489267570997789614e-01
2.490394032075693431e-01
2.258757645779777279e-01
2.493045229664718199e-01
2.485776969888071342e-01
2.459815863803463953e-01
2.461233960456283842e-01
2.001186474573421192e-01
2.475527199977774762e-01
2.467770616878150747e-01
2.487979649949570438e-01
2.391651929310703584e-01
2.477297892976211835e-01
2.488666693113326389e-01
2.486186850887894817e-01
2.221094789290983251e-01
1.926962752157390102e-01
2.490112812431842237e-01
2.478264414342255528e-01
2.493201950273551404e-01
1.923959405325500749e-01
2.333237887475233252e-01
2.493722818501203642e-01
2.495538957950085845e-01
2.502277878119326116e-01
2.275458837733206618e-01
2.492921181398316810e-01
2.490753301671984887e-01
2.488717557684922699e-01
2.277951433270855586e-01
2.471349169832355863e-01
2.491231238228225620e-01
2.491531129022774571e-01
2.490865442400855556e-01
2.445745889668962392e-01
2.489690732543331231e-01
2.471013065437338008e-01
2.493409465497323507e-01
2.491574572031765855e-01
2.478365552272694117e-01
2.492065561450333699e-01
2.435000336213641869e-01
2.478299762230976588e-01
2.472141337493477253e-01
2.489395561985081329e-01
2.491441276709555619e-01
2.470281184925201545e-01
2.490243153983365265e-01
2.490837940225980596e-01
1.926238513567820054e-01
2.491044138590881307e-01
2.490821087563034608e-01
2.494076810128201815e-01
2.493962248619508160e-01
