3.586589875890172086e-01
3.587178057570454270e-01
3.610154164553477929e-01
3.592090407766253546e-01
3.595855572725688010e-01
3.595833496275827601e-01
3.585417922691426784e-01
3.512279772799849487e-01
3.594109795978431832e-01
3.586778342257294638e-01
3.493631565601467703e-01
3.592511306295529394e-01
3.593402816146913370e-01
3.490857661396323253e-01
3.595241795762474379e-01
3.594621817640489825e-01
3.592952619008516479e-01
3.592722608482439850e-01
3.593386587973156909e-01
3.593107973619862894e-01
3.592711174520747952e-01
3.580095246412093868e-01
3.597514125254189787e-01
3.564111074622770547e-01
3.593886681676953798e-01
3.593271017332924644e-01
3.593346270401905906e-01
3.325439757322677936e-01
3.541914019120664392e-01
3.593268657888293305e-01
3.595130822314026586e-01
3.491192574806373239e-01
3.593608006082485429e-01
3.580896610629906718e-01
3.590763825696260958e-01
3.561928743263254593e-01
3.592148254543293673e-01
3.589155450769469513e-01
3.597056938068912690e-01
3.586040139773836732e-01
3.548263260432816257e-01
3.592378058537610275e-01
3.594363323354335948e-01
3.582148072533102301e-01
3.594048680962850795e-01
3.593183227435393645e-01
3.593813165752399175e-01
3.585684629585241256e-01
3.449183567861304756e-01
3.593878288091977291e-01
3.593371945833369052e-01
3.597058305244804077e-01
3.495883315157574112e-01
3.593956250380868078e-01
3.504869059257574859e-01
3.593659741532991281e-01
3.592698358970561889e-01
3.542797290623672102e-01
3.593367555230053689e-01
3.592613745089405786e-01
3.591850745976832293e-01
3.552108914165140185e-01
3.246940072442736636e-01
3.592727638320317718e-01
3.579802459373604417e-01
3.588319498444861311e-01
3.591068219379685567e-01
3.491779133328925533e-01
3.592726437874655399e-01
3.593519663874009118e-01
3.593358355371560897e-01
3.612092432661171415e-01
3.584378607211867185e-01
3.592550854820172890e-01
3.592418586842307526e-01
3.588431632334465604e-01
3.562168797146688659e-01
3.591179130938239594e-01
3.593365988366979957e-01
3.588373774955064821e-01
3.597944244390912094e-01
3.593956683016193976e-01
3.575053689430606751e-01
3.591747884865917895e-01
3.595238501768300843e-01
3.579783480850604049e-01
3.594246813125601125e-01
3.597833053041039619e-01
3.590347614217504479e-01
3.511209143029132562e-01
3.592426794729315365e-01
3.595297595438132210e-01
3.550494650468056790e-01
3.595598167609361795e-01
3.595568603135650965e-01
3.592780070846334772e-01
3.592471621968516549e-01
3.594557831587034125e-01
3.593406752121309777e-01
3.594070238118765026e-01
