2.958071944684403376e-01
2.958071944684403376e-01
2.958071944684403376e-01
2.958071944684403376e-01
2.958071944684403376e-01
2.958071944684403376e-01
2.958071944684403376e-01
2.958071944684403376e-01
2.958071944684403376e-01
2.958071944684403376e-01
2.958071944684403376e-01
2.958071944684403376e-01
2.958071944684403376e-01
2.958071944684403376e-01
2.958071944684403376e-01
2.958071944684403376e-01
2.958071944684403376e-01
2.958071944684403376e-01
2.958071944684403376e-01
2.958071944684403376e-01
2.958071944684403376e-01
2.958071944684403376e-01
2.958071944684403376e-01
2.958071944684403376e-01
2.958071944684403376e-01
2.958071944684403376e-01
2.958071944684403376e-01
2.958071944684403376e-01
2.958071944684403376e-01
2.958071944684403376e-01
2.958071944684403376e-01
2.958071944684403376e-01
2.958071944684403376e-01
2.958071944684403376e-01
2.958071944684403376e-01
2.958071944684403376e-01
2.958071944684403376e-01
2.958071944684403376e-01
2.958071944684403376e-01
2.958071944684403376e-01
2.958071944684403376e-01
2.958071944684403376e-01
2.958071944684403376e-01
2.958071944684403376e-01
2.958071944684403376e-01
2.958071944684403376e-01
2.958071944684403376e-01
2.958071944684403376e-01
2.956653427016179281e-01
2.958071944684403376e-01
2.958071944684403376e-01
2.958071944684403376e-01
2.958071944684403376e-01
2.958071944684403376e-01
2.958071944684403376e-01
2.958071944684403376e-01
2.958071944684403376e-01
2.958071944684403376e-01
2.958071944684403376e-01
2.958071944684403376e-01
2.958071944684403376e-01
2.958071944684403376e-01
2.958071944684403376e-01
2.958071944684403376e-01
2.958071944684403376e-01
2.958071944684403376e-01
2.958071944684403376e-01
2.958071944684403376e-01
2.958071944684403376e-01
2.958071944684403376e-01
2.958071944684403376e-01
2.958071944684403376e-01
2.958071944684403376e-01
2.958071944684403376e-01
2.958071944684403376e-01
2.958071944684403376e-01
2.958071944684403376e-01
2.958071944684403376e-01
2.958071944684403376e-01
2.958071944684403376e-01
2.958071944684403376e-01
2.958071944684403376e-01
2.958071944684403376e-01
2.958071944684403376e-01
2.958071944684403376e-01
2.958071944684403376e-01
2.958071944684403376e-01
2.958071944684403376e-01
2.958071944684403376e-01
2.958071944684403376e-01
2.958071944684403376e-01
2.958071944684403376e-01
2.958071944684403376e-01
2.958071944684403376e-01
2.958071944684403376e-01
2.958071944684403376e-01
2.958071944684403376e-01
2.958071944684403376e-01
2.958071944684403376e-01
2.958071944684403376e-01
