4.467217861103460197e-01
3.507885166550617217e-01
3.827187483249502864e-01
4.067059589138188325e-01
4.588157083943660286e-01
4.363284000212117042e-01
3.876742188628912733e-01
4.463620650327396744e-01
3.946007239595932248e-01
4.394286026951250146e-01
3.857380773352069858e-01
4.381884083244330652e-01
3.957854848522046054e-01
4.442436047970894086e-01
3.935506461810788781e-01
3.657189647438114921e-01
4.288326371784845215e-01
3.601397151140694475e-01
4.462980305689916993e-01
4.413357567094489120e-01
3.655850692261729540e-01
4.258045541225033426e-01
4.395095974980020026e-01
4.459187060856452112e-01
4.181568680077520361e-01
4.482389216499884643e-01
4.149280298819624235e-01
4.475110671830435649e-01
3.832282616283132493e-01
4.488185651754375560e-01
4.271410843482494890e-01
4.462152273564568006e-01
4.073881326367247979e-01
4.002953774218411254e-01
4.464166346731493484e-01
3.858387228829989191e-01
4.194543189221202062e-01
4.360253491541324355e-01
4.182039967355734578e-01
3.889917984607097479e-01
4.141142206332345532e-01
4.473616458541282426e-01
4.463478750563572017e-01
4.465156145588506931e-01
4.222811711132318790e-01
4.359602241513268472e-01
4.499875128686230408e-01
3.308300018616491256e-01
4.463319380984881457e-01
4.332125753894163211e-01
3.517240821948123819e-01
4.502534824996651253e-01
3.762486099609744228e-01
4.434287738145632485e-01
4.526657003338607210e-01
4.450788211855559173e-01
4.325142477467469604e-01
4.143405885748149275e-01
4.486116850950067625e-01
4.477187827439650936e-01
4.188783961386466914e-01
4.443827084078796341e-01
4.038962108952822150e-01
3.847940639411688846e-01
4.495268815517333705e-01
4.269131923547002661e-01
4.392857078022874839e-01
4.210108222542006673e-01
4.432946551076736852e-01
4.443673405972027868e-01
4.410249962881372943e-01
3.876315043515264347e-01
4.494150023268670968e-01
3.235141745951269909e-01
3.981242297021475030e-01
4.089104044711885932e-01
3.884881210710294797e-01
4.440106752974861126e-01
4.465792832104090726e-01
4.403764751219906848e-01
4.291192957468026870e-01
4.484174664809599253e-01
4.327838553433545621e-01
4.431683155767560112e-01
4.481528328756934076e-01
3.887057563292192763e-01
4.416186123387884077e-01
4.031818294932797975e-01
4.432176983184983321e-01
4.205180649779275415e-01
4.450407668810451023e-01
4.303805392191077939e-01
4.258642911993367752e-01
4.252409961770639568e-01
4.442592290707066960e-01
4.120927169011122104e-01
4.380709269781781767e-01
4.474478150952025945e-01
4.500906313926860691e-01
5.486568895855993278e-01
