1.502655637572083147e-01
1.296415489404074417e-01
1.513225378592961134e-01
1.574898322556860519e-01
1.511248740635912913e-01
1.582202293709934204e-01
1.579600611938574706e-01
1.561134784624247929e-01
1.514011046848139919e-01
1.414852458376333888e-01
1.571788469461024573e-01
1.537773631246718009e-01
1.573771834496198452e-01
1.517773428632601951e-01
1.407667077227613417e-01
1.576871575327394581e-01
1.569932186174464728e-01
1.406212608637743833e-01
1.577553070240247934e-01
1.261221000233439526e-01
1.580224944858432679e-01
1.504996417035838474e-01
1.455864596640835673e-01
1.258606977145505790e-01
1.573107314993505979e-01
1.501722269025647927e-01
1.570948859042073653e-01
1.246522831190271657e-01
1.490544476777625194e-01
1.487259563176281940e-01
1.579342347370713551e-01
1.542901074422947660e-01
1.492512896363094588e-01
1.299506213387367493e-01
1.492088247287427227e-01
1.523663141986622283e-01
1.486170684096798922e-01
1.519528023844899933e-01
1.263462580502598132e-01
1.272984623021062855e-01
1.534732135438072187e-01
1.270281167703288527e-01
1.250514495946149218e-01
1.477762617253249033e-01
1.567229793204054644e-01
1.441670128233515369e-01
1.510013870434392114e-01
1.419356617435733603e-01
1.286438885230686557e-01
1.578339639174015374e-01
1.559277611251020101e-01
1.271648403938683558e-01
1.536898521570929932e-01
1.316483637981187282e-01
1.316638704789561964e-01
1.487188789428739721e-01
1.578502305485503243e-01
1.553425050120591788e-01
1.245257563640890103e-01
1.574743557447322584e-01
1.508819481262147211e-01
1.275551656348735685e-01
1.232075320596477258e-01
1.283363304269061478e-01
1.478434490524696832e-01
1.310098719076127904e-01
1.270894301482952682e-01
1.543910548064216792e-01
1.562362955384348495e-01
1.275318570236722571e-01
1.551561164735726916e-01
1.251814627980719630e-01
1.495051126932367969e-01
1.569784461713692181e-01
1.512649291885057312e-01
1.572001648939390928e-01
1.494443695653440429e-01
1.569206891488178490e-01
1.490837591039669563e-01
1.533136163924635198e-01
1.575848779061727600e-01
1.540453499633236967e-01
1.521923384230756959e-01
1.149831228631842672e-01
1.567652616483694583e-01
1.569207165213858668e-01
1.565897123228029153e-01
1.562777182989400770e-01
1.273064015815747740e-01
1.430258231724187146e-01
1.570085378336874560e-01
1.579128017782709392e-01
1.394526765341867203e-01
1.572035726963168789e-01
1.569522661953008658e-01
1.547834073244535591e-01
1.269705692752192416e-01
1.261784658837463158e-01
1.290059962274932304e-01
1.429289467545935277e-01
