4.041016629187652032e-01
3.177301833350550386e-01
3.271491939679302963e-01
3.127890631705286251e-01
4.238809626704775901e-01
3.712320086111422501e-01
3.680967252780480425e-01
4.125757133106717212e-01
3.776057714025417011e-01
4.154515727204014519e-01
3.032534394181954918e-01
3.698990760755881957e-01
3.309178895851780933e-01
3.924347949165689631e-01
3.206025554987930737e-01
3.371668287266283981e-01
4.021987715274752961e-01
2.829069836009308059e-01
3.635363920645895419e-01
3.833013877805903080e-01
3.354276565715716418e-01
3.989353856211842464e-01
3.492084411109162567e-01
4.128605517814746828e-01
2.887579351148385487e-01
3.771576099870292409e-01
3.864008405844562843e-01
3.638586795505389104e-01
2.648360102854573905e-01
3.347248859309880920e-01
2.759707183404044861e-01
3.632521429102150146e-01
3.761621547625570994e-01
3.100260563845075312e-01
3.685494345167034114e-01
3.502612521129195300e-01
2.743666510248907731e-01
3.682527607981919138e-01
4.014075134750731966e-01
3.668240190108856269e-01
3.851160404220350664e-01
3.772007689299702871e-01
3.773622498812712611e-01
3.812885701726958509e-01
2.872219306954278961e-01
3.618062538793486715e-01
4.120850584672052230e-01
2.907630526751044941e-01
4.135182146600119291e-01
2.686316967729626137e-01
3.284549608919068442e-01
3.895073684927859992e-01
2.447764794634513241e-01
2.854510193914958083e-01
3.414022453435880955e-01
3.590838064020360765e-01
3.419546527383301449e-01
3.915563595051898549e-01
2.300393497088656369e-01
4.121510346630124499e-01
3.861238886826691141e-01
2.976134213335657752e-01
2.637444626537205905e-01
3.601676365339419594e-01
4.074673424167178926e-01
4.066255462668488252e-01
3.677211763257454691e-01
3.862608259045768322e-01
3.226355274076589397e-01
4.107784878748690360e-01
4.134816991713543000e-01
3.578473819954259838e-01
3.563549261418642033e-01
2.573858940049595923e-01
3.421989164624999469e-01
3.364963033962877770e-01
2.946789531984772004e-01
4.148864950461230161e-01
4.112663300375304920e-01
4.147878144033513848e-01
3.919200770198830730e-01
4.104382680812509454e-01
4.192970415000628059e-01
3.301785678205963470e-01
4.131159083513185060e-01
3.129086905919833961e-01
2.559047392622667005e-01
3.421553601834522174e-01
3.614022697422397123e-01
2.698332624585433881e-01
3.360456505514953229e-01
2.879376263466261188e-01
3.557614275976831442e-01
4.022989331615835495e-01
4.109629319764041555e-01
3.033930937544643269e-01
4.050800515398014223e-01
4.090007685928047088e-01
4.114373927987698965e-01
3.373847815253472326e-01
