1.964545238465943422e-01
2.633067757403597109e-01
2.609968743903023913e-01
2.711312748318988608e-01
1.964545238465943422e-01
1.990260263857000500e-01
1.964545238465943422e-01
1.964545238465943422e-01
1.964545238465943422e-01
1.964545238465943422e-01
2.520191069736644751e-01
1.964545238465943422e-01
3.037177133606994706e-01
1.964545238465943422e-01
2.837206785478091353e-01
2.698832342338255419e-01
1.958851671696727192e-01
2.497053141312834956e-01
2.587803130884177016e-01
1.964545238465943422e-01
2.748105473074252125e-01
1.964545238465943422e-01
2.439805200132457164e-01
1.964545238465943422e-01
2.433788558333273566e-01
1.964545238465943422e-01
1.964545238465943422e-01
2.777006600394959501e-01
2.238525026665461326e-01
2.868331634133365893e-01
2.207653666351904742e-01
1.964545238465943422e-01
1.964545238465943422e-01
2.656077705910375175e-01
1.964545238465943422e-01
3.291551800078557077e-01
2.081744628682415388e-01
1.964545238465943422e-01
1.964545238465943422e-01
2.509886258588481245e-01
1.964545238465943422e-01
1.964545238465943422e-01
1.964545238465943422e-01
2.005531106775996497e-01
2.407160304948208485e-01
1.964545238465943422e-01
2.001618219142939081e-01
2.674207568232835341e-01
1.964545238465943422e-01
2.133289712511300118e-01
2.414363847106415495e-01
2.015123980753238397e-01
1.942640645769267982e-01
2.365862216238012183e-01
1.936425099079376877e-01
1.986782367653002479e-01
3.186862620036072791e-01
1.964545238465943422e-01
1.557097729903243744e-01
1.964545238465943422e-01
1.965040633015381344e-01
2.220237517696766749e-01
2.194879870158578383e-01
2.810476930653525995e-01
1.964545238465943422e-01
1.964545238465943422e-01
1.964545238465943422e-01
1.964545238465943422e-01
2.856712794279206435e-01
1.964545238465943422e-01
1.964545238465943422e-01
2.140600777403542376e-01
1.964545238465943422e-01
2.073645188508256854e-01
2.917922964072450220e-01
3.143630883394930575e-01
2.387755410704672787e-01
1.964545238465943422e-01
1.964545238465943422e-01
1.964545238465943422e-01
2.717851337677886225e-01
1.964545238465943422e-01
1.964545238465943422e-01
2.774031853558903693e-01
1.964545238465943422e-01
2.673499614768476418e-01
2.049189514582777649e-01
3.176131057461907270e-01
1.964545238465943422e-01
2.093327296174894436e-01
2.971174247938443980e-01
2.200818973274625834e-01
2.028014061788349365e-01
1.964545238465943422e-01
1.964545238465943422e-01
2.282645603589222305e-01
1.964545238465943422e-01
1.964545238465943422e-01
1.964545238465943422e-01
1.964545238465943422e-01
