2.856318662347221982e-01
2.871621441920990114e-01
2.884973332232946275e-01
2.870643727659714095e-01
2.872088381691617620e-01
2.871124786652846095e-01
2.875567305924006667e-01
2.740534514638641173e-01
2.875593605920618856e-01
2.878179623346980298e-01
2.863056114679558006e-01
2.872288162601582262e-01
2.870356383504428233e-01
2.873538382127536206e-01
2.873887837777290843e-01
2.872165040255433843e-01
2.874856628626536459e-01
2.873349952748727176e-01
2.878031514965476712e-01
2.860736242889704850e-01
2.877542437407300535e-01
2.874049382532889441e-01
2.860719187962366683e-01
2.834491436917148111e-01
2.876926960909163555e-01
2.874560993928468866e-01
2.876385091080622125e-01
2.870232892483985943e-01
2.837682268188141954e-01
2.876157870452814569e-01
2.875729082573725282e-01
2.715035884971579994e-01
2.871099151225545709e-01
2.877710163815753730e-01
2.861838429432001507e-01
2.877836031729363309e-01
2.860936495869227936e-01
2.876870014955049126e-01
2.872929257689906812e-01
2.863532772563249784e-01
2.715921791510114702e-01
2.874755744071811336e-01
2.875298738009196553e-01
2.875071975644253319e-01
2.877181428742156544e-01
2.878221027465893700e-01
2.836008532299919005e-01
2.877637842488613429e-01
2.778995664800885668e-01
2.876015893216788966e-01
2.875891458796955846e-01
2.876352549738878661e-01
2.724124238042701096e-01
2.874917074577598153e-01
2.874694104598459199e-01
2.871869012066537441e-01
2.876633962897019448e-01
2.659013129358780980e-01
2.866370211745008501e-01
2.876932620237220295e-01
2.864801114100046786e-01
2.889498417131858843e-01
2.865195888037093686e-01
2.862596334717528723e-01
2.875919994866414919e-01
2.867936928062816415e-01
2.876228507393783773e-01
2.876895972370372423e-01
2.875314645617049192e-01
2.871337387458179347e-01
2.871164986023831411e-01
2.729001126465062099e-01
2.837054566618231188e-01
2.873229231052170651e-01
2.874738330802152908e-01
2.729595583955967686e-01
2.876032892624924564e-01
2.867375917426763232e-01
2.877804075142347262e-01
2.872835536810939838e-01
2.873257616021608896e-01
2.871813654172477026e-01
2.876038719973718072e-01
2.864841965999842532e-01
2.873270005361350243e-01
2.870640630961682760e-01
2.876921825549824674e-01
2.878424257625097349e-01
2.875169405180318383e-01
2.877561739838305765e-01
2.871675254859464288e-01
2.874743174751337449e-01
2.872173625114309292e-01
2.876464650268856227e-01
2.878341142740873382e-01
2.730226608256325904e-01
2.878471243441696470e-01
2.876483588129973845e-01
2.871612644861816777e-01
2.867063231342457663e-01
