2.630944339142735622e-01
2.674210196920224769e-01
2.681549898903771156e-01
2.707121682599670232e-01
2.831440278714384973e-01
2.868605607980846406e-01
2.687330886149684184e-01
2.659779279868585977e-01
2.826605539571869774e-01
2.874557364229504142e-01
2.606731771475762627e-01
2.706077346517487547e-01
2.813153387814430473e-01
2.767802634162483399e-01
2.749829134589159008e-01
2.871865584459559750e-01
2.652195622013331922e-01
2.704960790606025234e-01
2.724251293609827318e-01
2.777198650673921576e-01
2.710326830881799598e-01
2.849985884569665173e-01
2.766792394385438891e-01
2.796898176774330613e-01
2.472419937446888039e-01
2.687795840135191461e-01
2.834726941804218137e-01
2.781308862518170888e-01
2.685890070049851697e-01
2.590829026478443931e-01
2.644294565171177447e-01
2.657361875340185087e-01
2.632757691099369413e-01
2.660829808261364060e-01
2.635801055708532070e-01
2.857727919513760595e-01
2.590167476245828770e-01
2.686803069284653955e-01
2.600413802873772773e-01
2.715190735987377812e-01
2.730700858030214451e-01
2.726895855332429064e-01
2.759981245644796410e-01
2.852382105951906111e-01
2.654362125075711010e-01
2.738474011692738630e-01
2.833625118547236643e-01
2.729557069929811619e-01
2.829047974469054982e-01
2.649563549955878949e-01
2.657666704858304696e-01
2.695245670624649703e-01
2.650153766446808334e-01
2.643800918499152885e-01
2.786180727241740485e-01
2.839364677584950147e-01
2.758631149093400126e-01
2.827787798716677181e-01
2.537746155859026964e-01
2.686531360235746568e-01
2.785751141256719854e-01
2.665192210310318166e-01
2.702832195644028768e-01
2.865321848810911676e-01
2.695245670624649703e-01
2.871303751947576477e-01
2.814685698793876756e-01
2.872274308073613502e-01
2.870649197585370960e-01
2.816272923039946918e-01
2.780548871302098157e-01
2.775013776212996164e-01
2.712146759447283118e-01
2.724559817498866665e-01
2.624966842772157305e-01
2.659778997683782675e-01
2.624617856377569058e-01
2.722690827582244788e-01
2.801637194810165932e-01
2.773126879579357884e-01
2.671672924566701468e-01
2.862682926038598863e-01
2.665484684808622773e-01
2.562424577406499648e-01
2.659727916024579031e-01
2.560688030149512739e-01
2.675616747436284637e-01
2.875155574652337731e-01
2.581214588024830503e-01
2.746898624989050353e-01
2.755746280651518165e-01
2.870494207280290255e-01
2.641747509942630745e-01
2.723535685361652137e-01
2.800510332659220669e-01
2.640475689138732096e-01
2.656311797545500286e-01
2.519689799342685332e-01
2.689072133793623531e-01
2.723206770412661126e-01
