9.752677473998111468e-02
9.946789085693637233e-02
8.496035835564305638e-02
1.073120877543470159e-01
6.608504197911405087e-02
6.608504197911405087e-02
6.608504197911405087e-02
8.585192857628433372e-02
6.608504197911405087e-02
6.608504197911405087e-02
6.608504197911405087e-02
1.050285764242285397e-01
6.608504197911405087e-02
7.465527137966582183e-02
8.943854933568169685e-02
6.608504197911405087e-02
1.017067622204597260e-01
9.757115842040013642e-02
7.971464238719318252e-02
8.014661763875931266e-02
8.552032671409194597e-02
6.608504197911405087e-02
6.608504197911405087e-02
9.940857721033657945e-02
9.731900175943862530e-02
6.608504197911405087e-02
6.608504197911405087e-02
6.608504197911405087e-02
1.000328222455471178e-01
1.054801955040427508e-01
1.030215785361324882e-01
6.608504197911405087e-02
8.693485789013631615e-02
7.297550783432943389e-02
1.020414241667842170e-01
6.608504197911405087e-02
8.969330630161391482e-02
1.016209416240907021e-01
9.486896954311731245e-02
6.608504197911405087e-02
6.608504197911405087e-02
6.608504197911405087e-02
6.608504197911405087e-02
6.608504197911405087e-02
6.608504197911405087e-02
6.608504197911405087e-02
6.608504197911405087e-02
9.756406920779088499e-02
8.468537707851493679e-02
9.894302993284162517e-02
6.608504197911405087e-02
6.608504197911405087e-02
9.575988000603793959e-02
1.069748415856721230e-01
6.608504197911405087e-02
6.608504197911405087e-02
6.608504197911405087e-02
6.608504197911405087e-02
8.771076536963029469e-02
6.608504197911405087e-02
6.608504197911405087e-02
8.422910207617087530e-02
7.554254572607595197e-02
8.624924806789416309e-02
6.608504197911405087e-02
9.053896764875797587e-02
6.608504197911405087e-02
6.608504197911405087e-02
6.608504197911405087e-02
6.608504197911405087e-02
6.608504197911405087e-02
9.203091805578905715e-02
9.399464221994914548e-02
9.222609537871460927e-02
9.614242030276415329e-02
9.156045351274585964e-02
9.480495202276860434e-02
7.435976396923221765e-02
6.608504197911405087e-02
6.608504197911405087e-02
6.608504197911405087e-02
6.608504197911405087e-02
6.608504197911405087e-02
1.109055758497831251e-01
9.801303857218611471e-02
9.466393166886255539e-02
9.571632981257779949e-02
6.608504197911405087e-02
1.024087381802340907e-01
1.038459295372437668e-01
1.060389663513093828e-01
6.608504197911405087e-02
9.353330867708259388e-02
9.892553110185732523e-02
6.608504197911405087e-02
9.006460665150671507e-02
8.297259644777096876e-02
9.639783243761960996e-02
9.177613163780366790e-02
1.080490353266110731e-01
