1.469079682097597095e-01
1.468779574504255336e-01
1.469060166736254336e-01
1.468620272367380519e-01
1.469084623139785550e-01
1.469110920752334515e-01
1.469525266650152096e-01
1.469767868684084267e-01
1.468838338859027315e-01
1.468903008585206171e-01
1.469882800448222004e-01
1.468902748122844215e-01
1.468928510237792473e-01
1.469722267439670660e-01
1.469336625182166012e-01
1.467979313953566012e-01
1.468427786946330527e-01
1.470117511408242095e-01
1.469857917191020602e-01
1.468833621760772534e-01
1.469081314926931059e-01
1.469592624311502338e-01
1.468087523653610893e-01
1.469340144976451490e-01
1.469009357391160286e-01
1.469273991259986978e-01
1.468956088139475868e-01
1.487150934766307275e-01
1.470075399728749954e-01
1.470784775093073038e-01
1.468812566742706549e-01
1.469463684241168466e-01
1.469997910945000374e-01
1.487417230283400171e-01
1.468647339238198513e-01
1.469046026131271554e-01
1.469258792423135396e-01
1.468192438423960577e-01
1.468073596917302548e-01
1.469041052023463967e-01
1.470144474838684934e-01
1.468206933034038042e-01
1.469004713464616974e-01
1.469954047396701824e-01
1.469494885063792888e-01
1.469499969321920174e-01
1.469821857934623943e-01
1.469956197041451529e-01
1.471155299908920577e-01
1.469135491147636197e-01
1.470265059549611120e-01
1.469017333675051440e-01
1.468890859034920893e-01
1.467954596879521012e-01
1.468646867648805976e-01
1.469103310059172163e-01
1.469453392470488062e-01
1.469898633776926256e-01
1.468763367056714619e-01
1.469151186943389309e-01
1.470329446069786050e-01
1.468285622477877306e-01
1.486797134795700692e-01
1.468576011165969031e-01
1.469685978452563158e-01
1.469994259150199933e-01
1.487362297646850351e-01
1.470270253673780780e-01
1.469390562431075464e-01
1.467969411680520309e-01
1.468186203780429133e-01
1.469761465473333473e-01
1.469411412545193751e-01
1.469271822119442295e-01
1.469034170719269172e-01
1.467816720672383835e-01
1.468575895441750212e-01
1.468078475325921284e-01
1.469508348939939923e-01
1.469967467711761067e-01
1.468856301158224797e-01
1.469829542062338901e-01
1.469701693057804404e-01
1.468917525908526311e-01
1.468232239708259779e-01
1.469295627036174001e-01
1.469167875222150699e-01
1.468342861033885005e-01
1.469126692720347793e-01
1.469600584702533130e-01
1.469476988735039513e-01
1.468539337445169402e-01
1.468192170076699221e-01
1.469717356181735324e-01
1.469570207982359711e-01
1.487009919601167407e-01
1.469282909939238768e-01
1.468552838049554110e-01
1.468655410640059555e-01
1.470698956466191532e-01
