1.361445868957616434e-01
1.408922436725962568e-01
1.398735670932262365e-01
1.415502449142218844e-01
1.499886021359770061e-01
1.306794465493649471e-01
1.403602797486905862e-01
1.562942960334245679e-01
1.324745874782271848e-01
1.453779107268759474e-01
1.429046558766294828e-01
1.361942568770193318e-01
1.532234541937489702e-01
1.392393879598991524e-01
1.442048370149302816e-01
1.441806780952689659e-01
1.341697792342504691e-01
1.439019373600715634e-01
1.622811060513433545e-01
1.379264059708779633e-01
1.504071936340224958e-01
1.386267895049828891e-01
1.402718023975114969e-01
1.355206770951871420e-01
1.408510504463812985e-01
1.375811427514633534e-01
1.359983429119224763e-01
1.454669509721179810e-01
1.430708685124058577e-01
1.391187502627733719e-01
1.456268446950381434e-01
1.337240375821155958e-01
1.316643608687859957e-01
1.365698516878436908e-01
1.331510778135122364e-01
1.377938326548489301e-01
1.271491173044460021e-01
1.367622743205651470e-01
1.525949954525099572e-01
1.593130211477649938e-01
1.477692086991048426e-01
1.442231225630619396e-01
1.454873004722086194e-01
1.407241121131330708e-01
1.432764319375884055e-01
1.536761927884128243e-01
1.360967627913465539e-01
1.354406737224667923e-01
1.327801791568728185e-01
1.412536578871726733e-01
1.344918739515533201e-01
1.379595116096655472e-01
1.338334735147676813e-01
1.386785432842014554e-01
1.498675660709537782e-01
1.354331145804530678e-01
1.300185568199337949e-01
1.468788165996765815e-01
1.555166460266284023e-01
1.383511892061239368e-01
1.394370185702042131e-01
1.309461498035169869e-01
1.360356599153583479e-01
1.509794672916513203e-01
1.499928213599366900e-01
1.308650444022346482e-01
1.673722520368706446e-01
1.368194370734791832e-01
1.425048064966033534e-01
1.446760188582595086e-01
1.489060915632026139e-01
1.412060613930802011e-01
1.480315660576387582e-01
1.379990753170059758e-01
1.318343160245633028e-01
1.323093596372395819e-01
1.360999282371832819e-01
1.500594057218615218e-01
1.600908849312401017e-01
1.366390981820756745e-01
1.442111527919095748e-01
1.325990060022287087e-01
1.322719795707901491e-01
1.436970460814764872e-01
1.405861399331794492e-01
1.365315291852851887e-01
1.349802657582638288e-01
1.562051841723567647e-01
1.411532119107831995e-01
1.339683996855156600e-01
1.355806604771373769e-01
1.391142971441710341e-01
1.435665451620167232e-01
1.465825986343609610e-01
1.384830596859485952e-01
1.387094074309560277e-01
1.384178785083635677e-01
1.340233426574336806e-01
1.317704061218687717e-01
1.379482605327361500e-01
