1.916830057823426248e-01
1.762262550270168038e-01
1.931213334407455018e-01
1.997837809942520360e-01
1.993039893778561222e-01
1.992738377327394617e-01
1.991848909574193416e-01
1.964517836195923961e-01
1.980050679939775737e-01
1.943634226482284511e-01
1.979903188382918233e-01
1.981779944545595529e-01
1.989002496491141525e-01
1.980107230391672524e-01
1.942585929357547592e-01
1.994184095960411796e-01
1.990645988231078967e-01
1.960689565878201146e-01
1.971800861230912083e-01
1.853425713851473422e-01
1.994958534345528667e-01
1.914118360700623189e-01
1.995551684597127451e-01
1.786543909087689175e-01
1.995295182910806209e-01
1.972144548543327824e-01
1.990697959002602768e-01
1.802757749197544945e-01
1.920649555290219190e-01
1.927988874509787842e-01
1.998499594982327821e-01
1.980348329473582136e-01
1.913843388619786978e-01
1.773174076100608454e-01
1.982446534841697250e-01
1.951593041250475336e-01
1.994935170284612147e-01
1.939355481362187439e-01
1.754538961725709834e-01
1.824374681733471337e-01
1.963602055056086204e-01
1.791131671711249929e-01
1.878398880793436809e-01
1.919457639286197004e-01
1.991126204648594467e-01
1.944017591626615027e-01
1.927952533671268565e-01
1.952803788428917608e-01
1.775132925525499672e-01
1.994544730823387679e-01
1.966499210869423475e-01
1.753281708689448937e-01
1.952054508431711743e-01
1.804964425712019538e-01
1.891635242872918010e-01
1.923771836810787284e-01
1.994911035713453629e-01
1.962347275483708187e-01
1.730903921621998465e-01
1.994671819053877304e-01
1.932935719900451266e-01
1.808855007450376196e-01
1.737912842474657049e-01
1.803039905669644449e-01
1.965185968900584890e-01
1.920234561514002347e-01
1.756273448892153588e-01
1.961131633654611683e-01
1.982215169730386362e-01
1.776761364660105202e-01
1.967295112327757389e-01
1.798921195002059492e-01
1.916929189904124642e-01
1.977571473025588611e-01
1.973622513050742322e-01
1.969300634501648661e-01
1.920515521100965850e-01
1.986250082254920890e-01
1.919286792728020774e-01
1.971036469029427141e-01
1.995474245788424195e-01
1.989051856013785702e-01
1.994586220469104776e-01
1.721507286568832451e-01
1.979245845509134683e-01
1.973036750700720987e-01
1.996161355779620117e-01
1.971527593466983197e-01
1.811183110485123093e-01
1.932660823861495347e-01
1.994195782407815476e-01
1.982272474777183324e-01
1.896433489957645158e-01
1.983367316940850278e-01
1.980135329101575248e-01
1.972974561771227708e-01
1.816015461997813329e-01
1.844349914499536780e-01
1.778311458380473220e-01
1.950190947670893127e-01
