1.710018713655406808e-01
1.572585455874221938e-01
1.728529774855837864e-01
1.798876054956395631e-01
1.598718075808427397e-01
1.796319627233819716e-01
1.802848702483695886e-01
1.756271663252626791e-01
1.789646408686536849e-01
1.774008525929356150e-01
1.802335989066810029e-01
1.787619103590624425e-01
1.789617234502546006e-01
1.770158345398611388e-01
1.557273668886987872e-01
1.786136882751855892e-01
1.769381784119053169e-01
1.567055618169956310e-01
1.793110466172258832e-01
1.514384348197194974e-01
1.803295360059770924e-01
1.792597941892169755e-01
1.792225575020620909e-01
1.506086606299261443e-01
1.802050486442839661e-01
1.791233377244250968e-01
1.799543077341920760e-01
1.777244370831939091e-01
1.752115348422282615e-01
1.786018614885484801e-01
1.784690456629461908e-01
1.797284275584213886e-01
1.721434455688266862e-01
1.615944521809993817e-01
1.789619416827997189e-01
1.766256904930360028e-01
1.562191636029123809e-01
1.792946648870516746e-01
1.791394071051987391e-01
1.751309511012513753e-01
1.772411188407637672e-01
1.777035527875323040e-01
1.537448134366029284e-01
1.799588512215564706e-01
1.804411001780144852e-01
1.789960832769225962e-01
1.770905952002057859e-01
1.793260933588205208e-01
1.574135006095545852e-01
1.784114295228378111e-01
1.787334107890665436e-01
1.550410082385514920e-01
1.740905422155940296e-01
1.591848045267078571e-01
1.559202650444417582e-01
1.796088976123148551e-01
1.802006264404352187e-01
1.796376636937225824e-01
1.719878024884703427e-01
1.802692790789136856e-01
1.701117242314746647e-01
1.473393982205743746e-01
1.442901860174020390e-01
1.547391944148156229e-01
1.778516611230485100e-01
1.790764454278232498e-01
1.614949009914537215e-01
1.791158577715092071e-01
1.787385719095119230e-01
1.536761691638812988e-01
1.788159018811767420e-01
1.530976421147184074e-01
1.738393150548490085e-01
1.784233137582145190e-01
1.790329709949156911e-01
1.771421588169287686e-01
1.787667313971842420e-01
1.793492490221721691e-01
1.770849072871046870e-01
1.791913359469869682e-01
1.778308778704718873e-01
1.779226268530139099e-01
1.790175514494324327e-01
1.444457562625354463e-01
1.793088257533932417e-01
1.787064404245528038e-01
1.784557943674653924e-01
1.788709264103750252e-01
1.784639977525456500e-01
1.789776105848339960e-01
1.787716015023554095e-01
1.789302436358706783e-01
1.504587797155605144e-01
1.786959686130288882e-01
1.801737660223986237e-01
1.774130197121290275e-01
1.494158687210229430e-01
1.514636916602592476e-01
1.681453651600176014e-01
1.750028354552705112e-01
