1.993208238943640076e-01
1.855003326775778449e-01
1.999228045742394433e-01
2.049167182484857852e-01
2.098394786106444476e-01
2.054736505174562244e-01
2.051060626653775087e-01
2.042265093927856101e-01
2.099008346163500349e-01
2.032537215344489001e-01
2.057093326634365782e-01
2.052006998163753426e-01
2.098303782738390189e-01
2.031950243112035648e-01
2.041336833164422715e-01
2.098932836869872309e-01
2.058102655291580985e-01
2.060492810628100357e-01
2.058105175701399892e-01
1.869509259663591216e-01
2.051148175288168007e-01
2.094038327272544353e-01
2.097504330901943381e-01
1.816738026965936392e-01
2.055738576475362456e-01
2.065452973904179368e-01
2.046695842521627229e-01
2.037823569598927187e-01
2.014407797563211866e-01
2.037133277276357290e-01
2.099315003874851204e-01
2.056855427069450848e-01
2.042375268985262282e-01
1.899867400654974836e-01
2.097746384589411484e-01
2.086299158516024266e-01
2.097713461233203514e-01
2.099264283752885485e-01
2.053594968992480674e-01
2.008713863311271663e-01
2.075916815286101003e-01
2.033734415002344809e-01
1.902081643882005402e-01
2.049952348925552226e-01
2.049349230203043881e-01
2.060247826630919321e-01
2.023815304540409199e-01
2.099099005480543068e-01
1.914333442962879162e-01
2.098286984263308397e-01
2.057321583916527086e-01
1.834897890094004391e-01
2.063303776654425437e-01
1.926378500134218186e-01
2.028538516210636744e-01
2.097754212998567125e-01
2.055598669465965589e-01
2.081897835622535109e-01
1.979425612399922374e-01
2.050770220297233326e-01
1.969951343581225478e-01
1.808102032394225955e-01
1.842009001989684536e-01
1.894225276651016754e-01
2.043777375983193978e-01
2.048938370847605273e-01
1.900820221403125287e-01
2.042341951515059262e-01
2.099356361275803440e-01
1.865811525194014109e-01
2.056922020478794966e-01
2.026405115154818748e-01
2.052443252050152878e-01
2.098140497412914751e-01
2.064679089322204730e-01
2.037002706095418225e-01
2.099293358253302710e-01
2.051829999473981092e-01
2.023780524437147621e-01
2.051459756838301396e-01
2.098166512836384112e-01
2.040446440879031265e-01
2.060144188454586245e-01
1.819163086751831582e-01
2.098365581166465321e-01
2.098266686262811043e-01
2.099324327322804051e-01
2.059043941615454065e-01
2.099048730846411748e-01
2.059692559548982060e-01
2.056594958557052821e-01
2.098207853115637012e-01
1.967039949148954303e-01
2.099398594869107681e-01
2.055643885587815634e-01
2.038748651464055983e-01
1.867348478168738557e-01
1.867188779764696327e-01
1.997988908467148161e-01
2.009035641979331488e-01
