1.839640967112476377e-01
1.839640967112476377e-01
1.839640967112476377e-01
1.839640967112476377e-01
1.839640967112476377e-01
1.839640967112476377e-01
1.839640967112476377e-01
1.839640967112476377e-01
1.839640967112476377e-01
1.839640967112476377e-01
1.839640967112476377e-01
1.839640967112476377e-01
1.839640967112476377e-01
1.839640967112476377e-01
1.839640967112476377e-01
1.839640967112476377e-01
1.839640967112476377e-01
1.839640967112476377e-01
1.839640967112476377e-01
1.839640967112476377e-01
3.524856572501483543e-01
1.839640967112476377e-01
1.839640967112476377e-01
1.839640967112476377e-01
3.801209443083498063e-01
1.839640967112476377e-01
1.839640967112476377e-01
1.839640967112476377e-01
1.839640967112476377e-01
1.839640967112476377e-01
1.839640967112476377e-01
1.839640967112476377e-01
1.839640967112476377e-01
1.839640967112476377e-01
1.839640967112476377e-01
1.839640967112476377e-01
3.401039111033170581e-01
1.839640967112476377e-01
1.839640967112476377e-01
3.317195344154523218e-01
1.839640967112476377e-01
1.839640967112476377e-01
1.839640967112476377e-01
1.839640967112476377e-01
1.839640967112476377e-01
1.839640967112476377e-01
1.839640967112476377e-01
1.839640967112476377e-01
1.839640967112476377e-01
3.333573970050310309e-01
1.839640967112476377e-01
1.839640967112476377e-01
3.642630433734156958e-01
1.839640967112476377e-01
1.839640967112476377e-01
1.839640967112476377e-01
1.839640967112476377e-01
1.839640967112476377e-01
3.504679657630501710e-01
1.839640967112476377e-01
1.839640967112476377e-01
1.839640967112476377e-01
1.839640967112476377e-01
1.839640967112476377e-01
1.839640967112476377e-01
1.839640967112476377e-01
1.839640967112476377e-01
1.839640967112476377e-01
3.584879825723946700e-01
1.839640967112476377e-01
1.839640967112476377e-01
3.381823008615477688e-01
1.839640967112476377e-01
1.839640967112476377e-01
1.839640967112476377e-01
1.839640967112476377e-01
1.839640967112476377e-01
1.839640967112476377e-01
1.839640967112476377e-01
1.839640967112476377e-01
1.839640967112476377e-01
1.839640967112476377e-01
1.839640967112476377e-01
3.468786894251192354e-01
1.839640967112476377e-01
1.839640967112476377e-01
3.690099888459626998e-01
1.839640967112476377e-01
1.839640967112476377e-01
1.839640967112476377e-01
3.675840530232547532e-01
2.963562917495362603e-01
1.839640967112476377e-01
1.839640967112476377e-01
1.839640967112476377e-01
1.839640967112476377e-01
1.839640967112476377e-01
1.839640967112476377e-01
1.839640967112476377e-01
1.839640967112476377e-01
