2.364011169845807725e-01
2.364011169845807725e-01
2.364011169845807725e-01
2.364011169845807725e-01
2.364011169845807725e-01
2.364011169845807725e-01
2.364011169845807725e-01
2.364011169845807725e-01
2.364011169845807725e-01
2.364011169845807725e-01
2.364011169845807725e-01
2.364011169845807725e-01
2.364011169845807725e-01
2.364011169845807725e-01
2.364011169845807725e-01
2.364011169845807725e-01
2.364011169845807725e-01
2.364011169845807725e-01
2.364011169845807725e-01
2.364011169845807725e-01
2.364011169845807725e-01
2.364011169845807725e-01
2.364011169845807725e-01
3.434041526125101162e-01
2.364011169845807725e-01
2.364011169845807725e-01
2.364011169845807725e-01
2.364011169845807725e-01
2.364011169845807725e-01
2.364011169845807725e-01
2.364011169845807725e-01
2.364011169845807725e-01
2.364011169845807725e-01
2.364011169845807725e-01
2.364011169845807725e-01
2.364011169845807725e-01
2.364011169845807725e-01
2.364011169845807725e-01
2.364011169845807725e-01
2.364011169845807725e-01
2.364011169845807725e-01
2.364011169845807725e-01
2.364011169845807725e-01
2.364011169845807725e-01
2.364011169845807725e-01
2.364011169845807725e-01
2.364011169845807725e-01
2.364011169845807725e-01
2.364011169845807725e-01
2.364011169845807725e-01
2.364011169845807725e-01
2.364011169845807725e-01
2.364011169845807725e-01
2.364011169845807725e-01
2.364011169845807725e-01
2.364011169845807725e-01
2.364011169845807725e-01
2.408372572685864854e-01
2.364011169845807725e-01
2.412693101128326745e-01
2.364011169845807725e-01
2.364011169845807725e-01
2.364011169845807725e-01
2.364011169845807725e-01
3.004469970790719091e-01
2.364011169845807725e-01
2.364011169845807725e-01
2.364011169845807725e-01
2.364011169845807725e-01
2.364011169845807725e-01
2.364011169845807725e-01
2.364011169845807725e-01
2.364011169845807725e-01
2.364011169845807725e-01
2.364011169845807725e-01
2.364011169845807725e-01
2.364011169845807725e-01
2.364011169845807725e-01
3.071184453068734332e-01
2.364011169845807725e-01
2.364011169845807725e-01
2.364011169845807725e-01
3.230395035496873013e-01
2.364011169845807725e-01
2.364011169845807725e-01
2.364011169845807725e-01
2.364011169845807725e-01
2.364011169845807725e-01
2.364011169845807725e-01
2.364011169845807725e-01
2.364011169845807725e-01
2.364011169845807725e-01
2.364011169845807725e-01
2.364011169845807725e-01
2.364011169845807725e-01
2.364011169845807725e-01
3.032658753623156400e-01
2.364011169845807725e-01
2.364011169845807725e-01
2.364011169845807725e-01
