2.186460586745825885e-01
2.186844867241919399e-01
1.924508219500701001e-01
2.186095069625386134e-01
2.187018558902072141e-01
2.186910671346567192e-01
2.186348457206345741e-01
2.196157559376223922e-01
2.186293257942607815e-01
2.184436531269846327e-01
2.140674324293563024e-01
2.187891815268200035e-01
2.187312425432043350e-01
2.141856226028552579e-01
2.186262692575953182e-01
2.187129795021368339e-01
2.183949699178528436e-01
2.188509996542673530e-01
2.184341907449539044e-01
2.186401480704309452e-01
2.186627533766516696e-01
2.186237342254996330e-01
2.186042538135932467e-01
2.189825664398311889e-01
2.186225476699003578e-01
2.187245962069845340e-01
2.186604262468266335e-01
1.653573777683736146e-01
2.045119014964015547e-01
2.175078680643457718e-01
2.186826988939100103e-01
2.190004458172307433e-01
2.186960910663047764e-01
1.682841406982386045e-01
2.186073041351867807e-01
2.157047738917190483e-01
2.187221493813948647e-01
2.187348049223782342e-01
2.183067945177948332e-01
2.189364467284304061e-01
2.097797133366902933e-01
2.186878747334169981e-01
2.186828963404940929e-01
2.187049005127829071e-01
2.186190795092539108e-01
2.185096257981123669e-01
2.188491986688642088e-01
2.186437580329571584e-01
2.069733394357493872e-01
2.187350391828379315e-01
2.187559911950665570e-01
2.186754334941916622e-01
2.193877138988507003e-01
1.723708574795298765e-01
2.188115545120334071e-01
2.186187505562835753e-01
2.186861357894928082e-01
2.136772072645890530e-01
2.146324350459099528e-01
2.186194541219721732e-01
2.185534527746580691e-01
1.946326910113241326e-01
1.422370353301270485e-01
2.185286179060557388e-01
2.187466052221536672e-01
2.183814277438221874e-01
1.664298307923632314e-01
2.174683984372100254e-01
2.187038408932404088e-01
2.186835891204783888e-01
2.186856501228221505e-01
2.097155269267204358e-01
2.191290042192391430e-01
2.186986156099271494e-01
2.188487517776834812e-01
2.194656015086927370e-01
2.187852759533006619e-01
2.187091743834860547e-01
2.166334142660430728e-01
2.187662676367230496e-01
2.186770264228428129e-01
2.186334984075187782e-01
2.184393419287979643e-01
1.989963592113541124e-01
2.186341414470623912e-01
2.187287819513058507e-01
2.187453212107691447e-01
2.187338035928723667e-01
2.187048137764326106e-01
2.184887966073407184e-01
2.186757184327756953e-01
2.186687559639052814e-01
2.140097932501624500e-01
2.187614679609128920e-01
2.186068173616274035e-01
2.194930617745838308e-01
2.187563939348277087e-01
2.187405804525401620e-01
2.186389582882447835e-01
2.190368665399803350e-01
