2.307966113077992154e-01
2.318027512248299060e-01
2.067932091395610350e-01
2.304548975122391596e-01
2.316907597142552899e-01
2.306071307874239529e-01
2.304942645381624633e-01
2.301725360789474983e-01
2.316804847645665133e-01
2.302597491324209489e-01
2.279171961920928857e-01
2.307221026031118227e-01
2.317555454780500790e-01
2.282042528513414936e-01
2.316848381391299894e-01
2.318175305321975299e-01
2.301228183358283441e-01
2.302730541413868792e-01
2.301410522913391599e-01
2.306488046759195554e-01
2.316236353501630041e-01
2.317769732531478888e-01
2.317481731608282136e-01
2.297799591303784916e-01
2.304558971473035511e-01
2.318490767088282334e-01
2.305624262728807883e-01
1.846319420313445869e-01
2.181273023909337527e-01
2.302188806582503022e-01
2.317617470727996454e-01
2.295623500333907885e-01
2.507548353672803265e-01
1.884891062334315692e-01
2.317611811909319197e-01
2.297920345091688243e-01
2.316921779797102565e-01
2.319937249325565998e-01
2.295114913570527049e-01
2.295347424907036027e-01
2.206914702020096597e-01
2.317545151206603926e-01
2.317241036347189864e-01
2.307608053991648533e-01
2.304932530673779179e-01
2.302456037407791534e-01
2.297291120351098725e-01
2.317751326021947889e-01
2.204340482036426241e-01
2.316636589044269723e-01
2.318137081575679936e-01
2.307031879012641506e-01
2.290946848457985630e-01
1.936023469153283216e-01
2.320137864852402365e-01
2.317129855427730312e-01
2.318408341227388425e-01
2.235262397588816397e-01
2.507615644838138702e-01
2.304327494876942939e-01
2.300081492546778572e-01
2.101260783012125488e-01
1.847583791268554154e-01
2.302644540035923559e-01
2.313164743277016100e-01
2.295149079305154605e-01
1.878283038711756892e-01
2.300610069854573114e-01
2.318182080405535861e-01
2.319209216487819469e-01
2.309079202929492924e-01
2.290277599189566027e-01
2.297481373193440146e-01
2.317094953933765411e-01
2.302204804941216099e-01
2.291925753784971875e-01
2.318755966807605207e-01
2.308289773202583661e-01
2.317765807728363880e-01
2.307895192877888191e-01
2.318824301300119461e-01
2.315983288529587514e-01
2.301465383497426076e-01
2.507562415626944929e-01
2.316501504388607802e-01
2.317899698243556794e-01
2.317823313090839887e-01
2.307255470859689017e-01
2.319008313274202870e-01
2.302185625891743082e-01
2.308007032477210063e-01
2.317473060990580536e-01
2.507551358999274838e-01
2.318625981534016001e-01
2.305182659187345051e-01
2.291905153013991669e-01
2.318103885876782733e-01
2.308684012005467745e-01
2.303966499513016575e-01
2.304477281709162440e-01
