2.330850951384777492e-01
2.593147809676952797e-01
2.202534987001709688e-01
2.566959792657125261e-01
2.657293458921546891e-01
2.258513048218787345e-01
2.772764987728334463e-01
2.236881462288425049e-01
2.732687355456921985e-01
2.475619859080058771e-01
2.529564392805160322e-01
2.507572484523310496e-01
2.709230489550867316e-01
2.698422998732432632e-01
2.699687136607476501e-01
2.886100762552231691e-01
2.388223762519070537e-01
2.624410436239549282e-01
2.720180109653746459e-01
2.436648794830592601e-01
2.892500329422933447e-01
2.792380285048077782e-01
2.625584584858586812e-01
2.380469686791987782e-01
2.933499644772554205e-01
2.652621020902622972e-01
2.772863197976846994e-01
2.603058110178055884e-01
2.568744780131781424e-01
2.732083915380159600e-01
2.886478378899554054e-01
2.339947445153090777e-01
2.594832088511286328e-01
2.444992719816426741e-01
2.499986671151837037e-01
2.759129194614808878e-01
2.538050875877018719e-01
2.783858645906749918e-01
2.666250462293029977e-01
2.160616292842797714e-01
3.056395434981338255e-01
2.666683073826826011e-01
2.466419744634815725e-01
2.760339805591335294e-01
2.652701415102591831e-01
2.481317374595503056e-01
2.688082759383682019e-01
2.568447866699211657e-01
2.751252805565516102e-01
2.885889902691511910e-01
2.487100878714815777e-01
2.732014280299110420e-01
2.448414806446206904e-01
2.781135592386518307e-01
2.563978697462131473e-01
2.732436276823217436e-01
2.874745334501007110e-01
2.461100098187193885e-01
2.597982201075666464e-01
2.463414780575119145e-01
2.296647467690794975e-01
2.219395701741817550e-01
2.181946968104770679e-01
2.389893369454023364e-01
2.349782027612742352e-01
2.508144087805437294e-01
2.232058822550635202e-01
2.744596938080389181e-01
2.870980811532518606e-01
2.370415750651512776e-01
2.658931790602382383e-01
2.213116270015539899e-01
2.538367642940276281e-01
2.886642609351773303e-01
2.538820139908217199e-01
2.638438290769542505e-01
2.621283894728093089e-01
2.455848162094031728e-01
2.394783507392753141e-01
2.246558210020255242e-01
2.924630316743174197e-01
2.730913951600319467e-01
2.381592734394026301e-01
2.560756824303156987e-01
2.825658065566119537e-01
2.599532688716072459e-01
2.550009973825127507e-01
2.768111265404752386e-01
2.821931823536988349e-01
2.530085444135794503e-01
2.242337606599959510e-01
2.378753941536489447e-01
2.306764290159262210e-01
2.643916345166143489e-01
2.498888067273773439e-01
2.613643677540042343e-01
2.416413920949855576e-01
2.562207122419527527e-01
2.402058174763316567e-01
2.080277022972238932e-01
