2.767221483434204599e-01
2.767253444367699933e-01
2.769375907281926841e-01
2.768075646009284796e-01
2.767128150115644725e-01
2.768095012351849959e-01
2.762626421643324393e-01
2.765464290373356171e-01
2.774090379664752026e-01
2.769375907281926841e-01
2.772601929062566417e-01
2.767219845098978226e-01
2.768962972866058636e-01
2.767128150115644725e-01
2.770125042187336351e-01
2.770333848954672495e-01
2.771653751731962823e-01
2.769356549896767605e-01
2.765755685088917004e-01
2.769335831825773808e-01
2.770373909973788407e-01
2.773255915677017569e-01
2.769481743333686574e-01
2.769299212126871135e-01
2.767583623489661693e-01
2.770282572645151875e-01
2.769899370453784981e-01
2.764111633499490295e-01
2.765810173368136171e-01
2.765240418065941785e-01
2.768129811348322145e-01
2.771947398416746977e-01
2.766972652688153844e-01
2.765221031731104340e-01
2.767628039336540446e-01
2.764317465982686906e-01
2.767557934274017528e-01
2.773838505462081772e-01
2.763773569040591238e-01
2.767573434072895244e-01
2.764473112760414408e-01
2.770333848954672495e-01
2.763598439018929431e-01
2.772144880613465201e-01
2.767377012945982928e-01
2.766754993639936044e-01
2.771481394553892974e-01
2.768756273907538867e-01
2.765861659668946704e-01
2.764971974850492509e-01
2.767128150115644725e-01
2.771653751731962823e-01
2.770264177754826473e-01
2.765960183398106231e-01
2.769837273779695019e-01
2.764473112760414408e-01
2.765824618599092566e-01
2.766682913065205973e-01
2.769759201784396385e-01
2.767128150115644725e-01
2.766550362584233036e-01
2.770647349372951651e-01
2.769441669409043461e-01
2.769501099843809100e-01
2.769003053718556151e-01
2.767221483434204599e-01
2.767396384177608915e-01
2.765846214223781074e-01
2.768095012351849959e-01
2.767620082089304323e-01
2.766723026948382791e-01
2.769723257479494993e-01
2.769520709545011394e-01
2.766963780220383917e-01
2.763236845335526048e-01
2.766370962243024367e-01
2.769742077374024447e-01
2.765960183398106231e-01
2.766754993639936044e-01
2.770356789363113137e-01
2.767221483434204599e-01
2.769744028606608288e-01
2.766338374161338987e-01
2.766473633660657128e-01
2.769501099843809100e-01
2.767108777006238585e-01
2.769486884453192244e-01
2.765846214223781074e-01
2.768285289827862039e-01
2.768983693726854711e-01
2.760856082662068167e-01
2.769375907281926841e-01
2.769387069703250215e-01
2.768004556765185087e-01
2.768004556765185087e-01
2.767585706538835399e-01
2.771581798559320520e-01
2.769375907281926841e-01
2.767221483434204599e-01
2.768368676844017995e-01
