2.259032221931545625e-01
2.259029694750714079e-01
2.261640840037145717e-01
2.259990693475427692e-01
2.258846861087846214e-01
2.260075062260914758e-01
2.252945185570481290e-01
2.256991095172576622e-01
2.267329152959199345e-01
2.261640840037145717e-01
2.265563719034676404e-01
2.258941806886156645e-01
2.260826848500014641e-01
2.258846861087846214e-01
2.261846364875800541e-01
2.262856336179291106e-01
2.264428850470238397e-01
2.261556529663981685e-01
2.256813767805876669e-01
2.261632169681660476e-01
2.262865001844280854e-01
2.266577004660194905e-01
2.261739144283637648e-01
2.260452474351776764e-01
2.258576495381208193e-01
2.262774594096394476e-01
2.262392592545621195e-01
2.255161427921132944e-01
2.257194441410796115e-01
2.255689814567626017e-01
2.259793032548502167e-01
2.264052560552964888e-01
2.257716572183084414e-01
2.255605281756095926e-01
2.259527054388800194e-01
2.254112543497246990e-01
2.258657550322655250e-01
2.267123198124969818e-01
2.253468069970664955e-01
2.258657706658016573e-01
2.255244638678453595e-01
2.262856336179291106e-01
2.254199563694218589e-01
2.265182198032380800e-01
2.258217858552391544e-01
2.258040546537184723e-01
2.263210948688321456e-01
2.259615693622162302e-01
2.256912282304988082e-01
2.256235012636641224e-01
2.258846861087846214e-01
2.264428850470238397e-01
2.262316491363569881e-01
2.257178796184858560e-01
2.261449238684692942e-01
2.255244638678453595e-01
2.257395163295093932e-01
2.258034390654949097e-01
2.262216877262637760e-01
2.258846861087846214e-01
2.256821726939490513e-01
2.262892356596656329e-01
2.261730474305002347e-01
2.261823447849768409e-01
2.260835521943924675e-01
2.259032221931545625e-01
2.258302293569902641e-01
2.257279145249024566e-01
2.260075062260914758e-01
2.259602069676707181e-01
2.258043074825061280e-01
2.261264162928300070e-01
2.261912123374648920e-01
2.257402632730707848e-01
2.254116314357930417e-01
2.257758760475296611e-01
2.262126433409266113e-01
2.257178796184858560e-01
2.258040546537184723e-01
2.262774583896664804e-01
2.259032221931545625e-01
2.261264075969239562e-01
2.258034878166634840e-01
2.257745072771682737e-01
2.261823447849768409e-01
2.258762446426866577e-01
2.261819972242207211e-01
2.257279145249024566e-01
2.258978943442087328e-01
2.260751181537969390e-01
2.251132797700975130e-01
2.261640840037145717e-01
2.261638402715886176e-01
2.259610260650200542e-01
2.259610260650200542e-01
2.259524537975818592e-01
2.264422711954745537e-01
2.261640840037145717e-01
2.259032221931545625e-01
2.260102450780833439e-01
