2.355070877916657923e-01
2.355070877916657923e-01
2.355070877916657923e-01
2.355070877916657923e-01
2.355070877916657923e-01
2.355070877916657923e-01
2.355070877916657923e-01
2.355070877916657923e-01
2.355070877916657923e-01
2.355070877916657923e-01
2.355070877916657923e-01
2.355070877916657923e-01
2.355070877916657923e-01
2.355070877916657923e-01
2.355070877916657923e-01
2.355070877916657923e-01
2.355070877916657923e-01
2.355070877916657923e-01
2.355070877916657923e-01
2.355070877916657923e-01
3.778937840742893628e-01
2.355070877916657923e-01
2.355070877916657923e-01
2.355070877916657923e-01
4.030410866213899879e-01
2.355070877916657923e-01
2.355070877916657923e-01
2.355070877916657923e-01
2.355070877916657923e-01
2.355070877916657923e-01
2.355070877916657923e-01
2.355070877916657923e-01
2.355070877916657923e-01
2.355070877916657923e-01
2.355070877916657923e-01
2.355070877916657923e-01
3.669554229250143740e-01
2.355070877916657923e-01
2.355070877916657923e-01
3.600091889529337119e-01
2.355070877916657923e-01
2.355070877916657923e-01
2.355070877916657923e-01
2.355070877916657923e-01
2.355070877916657923e-01
2.355070877916657923e-01
2.355070877916657923e-01
2.355070877916657923e-01
2.355070877916657923e-01
3.603576617180406783e-01
2.355070877916657923e-01
2.355070877916657923e-01
3.883523843576649481e-01
2.355070877916657923e-01
2.355070877916657923e-01
2.355070877916657923e-01
2.355070877916657923e-01
2.355070877916657923e-01
3.756433724027058996e-01
2.355070877916657923e-01
2.355070877916657923e-01
2.355070877916657923e-01
2.355070877916657923e-01
2.355070877916657923e-01
2.355070877916657923e-01
2.355070877916657923e-01
2.355070877916657923e-01
2.355070877916657923e-01
3.837643179417455919e-01
2.355070877916657923e-01
2.355070877916657923e-01
3.648684418169728105e-01
2.355070877916657923e-01
2.355070877916657923e-01
2.355070877916657923e-01
2.355070877916657923e-01
2.355070877916657923e-01
2.355070877916657923e-01
2.355070877916657923e-01
2.355070877916657923e-01
2.355070877916657923e-01
2.355070877916657923e-01
2.355070877916657923e-01
3.732023321915929337e-01
2.355070877916657923e-01
2.355070877916657923e-01
3.930132922423732467e-01
2.355070877916657923e-01
2.355070877916657923e-01
2.355070877916657923e-01
3.918038257771765398e-01
3.280754950991481289e-01
2.355070877916657923e-01
2.355070877916657923e-01
2.355070877916657923e-01
2.355070877916657923e-01
2.355070877916657923e-01
2.355070877916657923e-01
2.355070877916657923e-01
2.355070877916657923e-01
