2.125510195201155417e-01
2.125510195201155417e-01
2.125510195201155417e-01
2.125510195201155417e-01
2.125510195201155417e-01
2.125510195201155417e-01
2.125510195201155417e-01
2.125510195201155417e-01
2.125510195201155417e-01
2.125510195201155417e-01
2.125510195201155417e-01
2.125510195201155417e-01
2.125510195201155417e-01
2.125510195201155417e-01
2.125510195201155417e-01
2.125510195201155417e-01
2.125510195201155417e-01
2.125510195201155417e-01
2.125510195201155417e-01
2.125510195201155417e-01
2.125510195201155417e-01
2.125510195201155417e-01
2.125510195201155417e-01
3.316639505669189969e-01
2.125510195201155417e-01
2.125510195201155417e-01
2.125510195201155417e-01
2.125510195201155417e-01
2.125510195201155417e-01
2.125510195201155417e-01
2.125510195201155417e-01
2.125510195201155417e-01
2.125510195201155417e-01
2.125510195201155417e-01
2.125510195201155417e-01
2.125510195201155417e-01
2.125510195201155417e-01
2.125510195201155417e-01
2.125510195201155417e-01
2.125510195201155417e-01
2.125510195201155417e-01
2.125510195201155417e-01
2.125510195201155417e-01
2.125510195201155417e-01
2.125510195201155417e-01
2.125510195201155417e-01
2.125510195201155417e-01
2.125510195201155417e-01
2.125510195201155417e-01
2.125510195201155417e-01
2.125510195201155417e-01
2.125510195201155417e-01
2.125510195201155417e-01
2.125510195201155417e-01
2.125510195201155417e-01
2.125510195201155417e-01
2.125510195201155417e-01
2.177233836064944306e-01
2.125510195201155417e-01
2.181478420838012522e-01
2.125510195201155417e-01
2.125510195201155417e-01
2.125510195201155417e-01
2.125510195201155417e-01
2.857112030519139978e-01
2.125510195201155417e-01
2.125510195201155417e-01
2.125510195201155417e-01
2.125510195201155417e-01
2.125510195201155417e-01
2.125510195201155417e-01
2.125510195201155417e-01
2.125510195201155417e-01
2.125510195201155417e-01
2.125510195201155417e-01
2.125510195201155417e-01
2.125510195201155417e-01
2.125510195201155417e-01
2.920451867755036734e-01
2.125510195201155417e-01
2.125510195201155417e-01
2.125510195201155417e-01
3.098291674872185042e-01
2.125510195201155417e-01
2.125510195201155417e-01
2.125510195201155417e-01
2.125510195201155417e-01
2.125510195201155417e-01
2.125510195201155417e-01
2.125510195201155417e-01
2.125510195201155417e-01
2.125510195201155417e-01
2.125510195201155417e-01
2.125510195201155417e-01
2.125510195201155417e-01
2.125510195201155417e-01
2.880039494889821139e-01
2.125510195201155417e-01
2.125510195201155417e-01
2.125510195201155417e-01
