2.748668673783565830e-01
2.671941817525302909e-01
2.373007384861636482e-01
2.642579830603156710e-01
2.544816483118788053e-01
2.807364284919571240e-01
2.728386118625925061e-01
2.688395489445019049e-01
1.993980312426531509e-01
2.418633682331272627e-01
2.675344865992374532e-01
2.502552161471782721e-01
2.705560783204065678e-01
2.686153904242986612e-01
2.882185943143981133e-01
2.565290724207551221e-01
2.435600980357784939e-01
2.679827965589881011e-01
2.906567258186152358e-01
2.381510795398598390e-01
2.913530953822311420e-01
2.876229148539933833e-01
2.067065743650111920e-01
2.341181291835294775e-01
2.369028596861459668e-01
2.594244334655153028e-01
2.765102957134653039e-01
2.561918843061189444e-01
2.828467739510141521e-01
2.645666721232284857e-01
3.017060013864171220e-01
2.497318081168496129e-01
2.397843040934322933e-01
2.688225894657747528e-01
2.495211631870737079e-01
2.887429612271658619e-01
2.357020626115292616e-01
2.487944091229563059e-01
2.660634006392559314e-01
2.171213997142734664e-01
2.948099638783348575e-01
2.718896114688015286e-01
2.418288417983771865e-01
2.745429613146526671e-01
2.787791493042816593e-01
2.346943333566021139e-01
2.715952973804622306e-01
2.452648248262895292e-01
2.770423609749647076e-01
2.559637410194432472e-01
2.164782563392646797e-01
2.590074708030493666e-01
2.627042738828964663e-01
2.861355708861284541e-01
2.593329359520900046e-01
2.453567640936721861e-01
2.520662582792196904e-01
2.518970095738906623e-01
2.694957210609951193e-01
2.812417237205864784e-01
2.399903423629045351e-01
2.222388853176777979e-01
2.230943642650486669e-01
2.289882229124681479e-01
2.304378490614883146e-01
2.714393774517222524e-01
2.201873481936733601e-01
2.578175605090261002e-01
2.920665634550267953e-01
2.321313307535147197e-01
2.493235586840985285e-01
2.204516946915487385e-01
2.596679584102382643e-01
2.914318088135410822e-01
2.665760474735456853e-01
2.809188870382922087e-01
2.707210549787234521e-01
2.605482868715952582e-01
2.409395417377501181e-01
2.328346171905785467e-01
2.903718820061559347e-01
2.636767630379878158e-01
1.904257728560325158e-01
2.643255626198512953e-01
2.865131049667176688e-01
2.322938609638248164e-01
2.556420860626940073e-01
2.709522660431119556e-01
2.402470708558395174e-01
2.439561433099379506e-01
2.150135517214191994e-01
2.385853483074897585e-01
2.292366844420689609e-01
2.442175929130424583e-01
2.461190834551735263e-01
2.386352062256762441e-01
1.879820040538068837e-01
2.700700016385039204e-01
2.379080405984275171e-01
2.748214860854352737e-01
