3.891753486618532154e-01
3.898217416332764862e-01
3.800463108468394302e-01
4.108578173514451648e-01
4.059313456677052789e-01
4.024960519694467109e-01
4.024646621813091074e-01
3.921178224975740423e-01
3.973652046569486340e-01
3.850500709051786763e-01
3.979919706343038599e-01
3.970595747207872894e-01
4.056031601780180074e-01
3.920902584575166050e-01
4.078320311925428543e-01
4.091611023473186171e-01
4.047496389469968370e-01
3.928564553501992518e-01
4.098086267782555248e-01
3.925073361209021061e-01
4.058640053629744004e-01
3.974444691314951705e-01
3.859320293578671346e-01
3.730800753179263074e-01
4.059103093194503242e-01
4.111095753682384446e-01
4.071077771213574836e-01
3.778853501362819944e-01
3.977518659263212797e-01
3.934763654545397338e-01
4.074637512555541741e-01
3.912284232006110751e-01
3.903591649535507191e-01
3.958176548163654940e-01
3.929146158954566759e-01
4.007144632338204837e-01
4.096516812709934396e-01
3.824241298783521148e-01
3.861756133324472651e-01
3.695524954925482053e-01
4.019078984665928056e-01
4.003159251226017790e-01
3.970520880474305292e-01
3.936763547236616367e-01
4.038560559603717182e-01
3.939300964806185523e-01
3.868094350755446609e-01
3.976415382877954707e-01
3.883950690450334031e-01
4.073033608737672284e-01
4.024689766732413299e-01
3.825691965201374889e-01
3.983123786150223333e-01
3.966542593424647878e-01
3.897687745623820699e-01
3.709251442770943874e-01
4.054391136236817350e-01
3.971513718184269681e-01
3.857989159139939006e-01
4.049289951110301988e-01
3.814592349793943793e-01
3.742205927498068463e-01
3.790578750054706680e-01
3.859006852895847661e-01
3.813589821949264769e-01
3.949876198948951700e-01
3.974571684279152306e-01
3.783631884928381761e-01
4.015889191079600185e-01
3.832291129018652320e-01
4.006931269127689266e-01
3.635448692329701914e-01
3.872193766466640041e-01
4.036903934748625744e-01
4.029178150726412944e-01
3.887529146950070569e-01
3.912242534331606403e-01
4.063178248307570684e-01
3.839790811685849237e-01
3.989083660859868430e-01
4.010608473110756633e-01
3.883531449720115658e-01
3.986733570181285047e-01
3.876119419468794791e-01
4.042091703551740633e-01
3.796606679562540276e-01
4.027832164735533071e-01
3.929980840565988065e-01
3.938098047102475130e-01
3.976470969852777815e-01
4.070940185151432633e-01
4.063382760754087331e-01
3.804627971184783575e-01
4.017524610019853615e-01
4.105430985522501852e-01
3.958072450483325899e-01
3.835882271565117518e-01
4.037887198198840122e-01
3.864838693752370991e-01
3.946500560840573990e-01
