3.903599689257036820e-01
3.953327520048553478e-01
3.592696957258937340e-01
3.963337076069324283e-01
3.944521818200982799e-01
3.815297771213897460e-01
4.049166308317006524e-01
3.940518054814053928e-01
3.957988926452656320e-01
3.955414400787061191e-01
3.812084020370066217e-01
3.954322288119103135e-01
3.935881543576810748e-01
3.965958838362617644e-01
3.943555799741272350e-01
3.933809228517674561e-01
3.959221019104357531e-01
3.881874128526281442e-01
3.988586714727581639e-01
3.943565789507517128e-01
3.942233783265852720e-01
3.963048366559738800e-01
3.831776812508677632e-01
3.928749834362093574e-01
3.894000504096215010e-01
3.960566470061995803e-01
3.957760909669370553e-01
3.895446660906660696e-01
3.730058735580176754e-01
3.940212019517700393e-01
3.964950334716625946e-01
3.974708329562381959e-01
3.975784921776670533e-01
3.948110069817893919e-01
3.952979317640728518e-01
3.958198607461450025e-01
3.961379364547353843e-01
3.984569928128569583e-01
3.938495490597822002e-01
3.943040998110660666e-01
3.598088390406087300e-01
3.961069824083210400e-01
3.964515607131487984e-01
3.877348807295542543e-01
3.956800583647791525e-01
3.931040728929213190e-01
3.914328602080377473e-01
4.014278127330961343e-01
3.873007794198030096e-01
3.923066130355254422e-01
3.940073947315099745e-01
3.915736808191760954e-01
3.741020342208495331e-01
3.963872789377043682e-01
3.806299457910264916e-01
3.920523071310227370e-01
3.930381696828486038e-01
3.731252593453211475e-01
3.920869464221619083e-01
3.969572695814247987e-01
3.961816026332791729e-01
3.447311227477896090e-01
3.906623809625632826e-01
3.978769217420947690e-01
3.974914107471472779e-01
3.939465136168597836e-01
3.988413227108461578e-01
3.616931959756902182e-01
3.995585253421081173e-01
3.950740608933596687e-01
3.939928514321801578e-01
3.569985178881729393e-01
3.894097854179729978e-01
3.956324588834783107e-01
3.957046296350113512e-01
3.693824603396151929e-01
3.994906672086440125e-01
3.955823617248839796e-01
4.005002827997040105e-01
3.934468604787242918e-01
3.612928496099891973e-01
3.960211561502572919e-01
3.957747718257834668e-01
3.961407038212410581e-01
3.964964032220443801e-01
3.933325918530309329e-01
3.957811637292188434e-01
3.613583515331758589e-01
4.006650205359658656e-01
3.948006914330715600e-01
3.967176993509460292e-01
3.964232258294224098e-01
3.936564852317144814e-01
4.006053155809384814e-01
3.962974059165261798e-01
3.918253224469216978e-01
3.956581667359064802e-01
3.984742562633914464e-01
3.890531297524841281e-01
3.954895579819632800e-01
