4.327315872323900248e-01
4.369585150444150190e-01
4.077465698712727238e-01
4.378011987507087754e-01
4.362172199409663498e-01
4.254892866674340191e-01
4.443064815392994693e-01
4.357463282178760666e-01
4.373439951521935765e-01
4.368087375842017450e-01
4.254304208812461630e-01
4.371403665911928194e-01
4.353778908008548720e-01
4.380253762665278772e-01
4.360948103059271719e-01
4.350314945348512374e-01
4.375227698552221489e-01
4.307685504655878184e-01
4.396417891165592673e-01
4.362283142438183603e-01
4.359151558011181149e-01
4.378288513361026646e-01
4.270756710200964146e-01
4.346486736725296840e-01
4.315016951964318337e-01
4.376561181622557473e-01
4.373130632618935643e-01
4.318835836363471570e-01
4.169469151653311667e-01
4.357237727782430903e-01
4.380377511200684859e-01
4.385900215212604758e-01
4.387966384571372891e-01
4.366209295929750489e-01
4.367411231571607932e-01
4.372594063762839101e-01
4.376263763915121952e-01
4.393709125438842178e-01
4.356837864639146463e-01
4.359501067045390421e-01
4.059473405677088143e-01
4.375812617108436609e-01
4.375935989289825856e-01
4.306136482727441206e-01
4.372534751436519818e-01
4.349402226047808240e-01
4.333257459409787238e-01
4.415233126143557341e-01
4.303028593807638469e-01
4.342494027096340803e-01
4.356710211012094214e-01
4.334925963014891193e-01
4.193177532684458364e-01
4.378508109685115279e-01
4.246098356714059219e-01
4.339837452940168983e-01
4.348531127431929377e-01
4.170277449794107527e-01
4.339491305584782799e-01
4.380632368097471252e-01
4.375589888073338485e-01
3.960054766406487237e-01
4.327269473561403679e-01
4.388537941139762366e-01
4.385257112756925091e-01
4.356867890808585053e-01
4.396825672152542275e-01
4.075317506672517243e-01
4.401500795801273069e-01
4.362336995655958227e-01
4.357028437215929029e-01
4.044996636546130397e-01
4.318945754180353314e-01
4.372373727776123209e-01
4.372239671383895687e-01
4.163032419506740855e-01
4.401530131384657762e-01
4.371738252538033831e-01
4.410534383265546921e-01
4.347237728215496144e-01
4.084045170646640188e-01
4.374141307384393218e-01
4.374074786209181109e-01
4.376462985045675991e-01
4.379569168586376904e-01
4.351300193213675227e-01
4.370594734064171538e-01
4.083751777974857777e-01
4.410338216841050429e-01
4.363323382174313925e-01
4.378866331866667627e-01
4.379473632798936422e-01
4.354483582633419392e-01
4.410341853544741397e-01
4.377691501061012902e-01
4.338742085392602865e-01
4.372729191515399294e-01
4.395547890636639088e-01
4.311308332595734094e-01
4.370212107219435538e-01
