4.708772106239768052e-01
3.843606170689904400e-01
4.131618810960543953e-01
4.342620838345647716e-01
4.812051998509070394e-01
4.611915652772364260e-01
4.167707376520702334e-01
4.704188505326856173e-01
4.233372015376747899e-01
4.641793253251638718e-01
4.150884419446222440e-01
4.630106853060333982e-01
4.233668482929522914e-01
4.682797866780854523e-01
4.227964462845482108e-01
3.972151889401489000e-01
4.541870411680146713e-01
3.924833845993490611e-01
4.704277136551983651e-01
4.660734381335318033e-01
3.981636173484673913e-01
4.510890370197641608e-01
4.631746067861123306e-01
4.700249637382902801e-01
4.442675296480904090e-01
4.711926950127974245e-01
4.414087714811365526e-01
4.715967429863432425e-01
4.134216603766424636e-01
4.730970684289656503e-01
4.528454397434195644e-01
4.703248048318330876e-01
4.348195334812430257e-01
4.278514249293737248e-01
4.704813432481794733e-01
4.161346565467464731e-01
4.453695464873690391e-01
4.610421359463506286e-01
4.444579529155910924e-01
4.175038441714815640e-01
4.405499985287309461e-01
4.714200128499157483e-01
4.702164751969950540e-01
4.707317675877141783e-01
4.481647148738343578e-01
4.608026846631971263e-01
4.733560234235886788e-01
3.652078060692493522e-01
4.699801667869986654e-01
4.581669914700222113e-01
3.852514547555293545e-01
4.736300303863493211e-01
4.074254786020806707e-01
4.676061909636084479e-01
4.761750441373343024e-01
4.689949438277179472e-01
4.582642033919201441e-01
4.410931722681254441e-01
4.720440638344579609e-01
4.718242925481478389e-01
4.456790472711303908e-01
4.684120600207968277e-01
4.321484367328373155e-01
4.149144595837016003e-01
4.737545884676212515e-01
4.528734646894406191e-01
4.638569226739595042e-01
4.472274950081198130e-01
4.674043587237740049e-01
4.684982537383722279e-01
4.658862285546672144e-01
4.171434747792014952e-01
4.734854096602233997e-01
3.612519475529501478e-01
4.263733988397960806e-01
4.357920130546570348e-01
4.168283831874252665e-01
4.680466921291261961e-01
4.707284521103231034e-01
4.644044478270153986e-01
4.549547822673611908e-01
4.726651727167542894e-01
4.573249222428228955e-01
4.675246597122065251e-01
4.721914175394946733e-01
4.184992880983620656e-01
4.657154662440588511e-01
4.307015216043448280e-01
4.671751578617966971e-01
4.467062054592415010e-01
4.691971488965647197e-01
4.559773436763006615e-01
4.518838066484316407e-01
4.514031355337410623e-01
4.683403506803604510e-01
4.393451205865413489e-01
4.626783581055516348e-01
4.715158060360185588e-01
4.739540253853962715e-01
5.660564287348555101e-01
