1.786836533706478714e-01
1.543289429602907326e-01
1.616944904626737567e-01
1.796724232618706341e-01
2.620351529457780604e-01
2.629145720739782255e-01
1.856935833762116406e-01
2.634605550752526781e-01
2.548326215370637082e-01
2.603854571876041413e-01
1.495287353751184323e-01
1.733948866608550632e-01
2.516983309151789583e-01
2.601490216155405433e-01
2.443793836928385699e-01
2.379344830011198841e-01
1.920298370719446257e-01
1.550448854076925675e-01
1.666194757919561287e-01
2.631323946181622353e-01
2.431062190042008186e-01
2.595400160462498773e-01
2.452264869505173250e-01
2.640219743401829855e-01
1.615926853450844469e-01
1.826882238589800644e-01
2.589824870220034381e-01
1.723077823249491158e-01
1.550276934702262965e-01
2.622680784499849538e-01
1.641828844732526882e-01
2.614630527513437941e-01
2.586879729559777852e-01
1.463334835489866481e-01
1.825013762301989084e-01
2.459354958098330934e-01
1.935456116235052815e-01
1.721752703825450148e-01
1.815234372082951686e-01
1.806692225874763913e-01
2.478239777362499230e-01
2.623464524888223792e-01
2.448387817033037817e-01
2.627394411921291084e-01
1.709954473311930401e-01
2.642037643596755747e-01
2.634056579135214959e-01
1.770387871480115227e-01
2.275475453601205900e-01
1.667814743835527580e-01
2.380333174378154171e-01
2.601490216155405433e-01
1.350628190588572808e-01
1.628466260193011939e-01
2.448851515931064482e-01
2.632515223733761789e-01
2.440972398158221257e-01
2.582777790817770147e-01
1.497711695603508586e-01
1.766537623357246345e-01
2.614130636106176686e-01
1.721067186137474614e-01
1.647831101719234304e-01
1.650269833338058600e-01
2.632948899346548854e-01
2.624515487060298247e-01
1.726976329792313802e-01
2.623550117194603515e-01
2.628664226271679172e-01
2.641625480888854516e-01
2.623400109359972920e-01
2.420975345304058335e-01
2.456302064902758375e-01
1.360328054973282685e-01
1.466149369344232900e-01
1.634298318228764590e-01
1.445210257306910606e-01
2.612542499326993006e-01
2.627327022331025219e-01
2.629710989070965788e-01
2.588990324212628313e-01
2.632234170087929259e-01
2.219233181232307395e-01
2.605525738604517194e-01
1.944587915511917231e-01
1.496244353143370842e-01
1.701078368460932078e-01
2.585340672405094242e-01
2.620130012344345505e-01
1.671886877493225232e-01
2.627916005750051132e-01
2.601885411323642261e-01
1.786915805443269611e-01
1.542932398234784785e-01
2.632528139243966447e-01
1.670977250029665184e-01
2.636871684132189309e-01
2.629317248329229861e-01
2.629130652384576439e-01
2.284862875553906325e-01
