1.419942591831820922e-01
1.335784780777086733e-01
1.350919105206007109e-01
1.413163162957016827e-01
1.366876783640680326e-01
1.385231145485133208e-01
1.408676283516840100e-01
1.341557752457192831e-01
1.463031970082601663e-01
1.454005113630701673e-01
1.366488278032831627e-01
1.434307424718632151e-01
1.433112877597491897e-01
1.324950808758226795e-01
1.400645605914340175e-01
1.352118730836568972e-01
1.365482261763927563e-01
1.454371463070272541e-01
1.364304104645932547e-01
1.414455767726240376e-01
1.513473384168578240e-01
1.452500094502903183e-01
1.461662693321772177e-01
1.345689908153052394e-01
1.380430805186191601e-01
1.414777055166193120e-01
1.556266346287367708e-01
1.351117814615662160e-01
1.350703639545571266e-01
1.371127625760847069e-01
1.320162594449736382e-01
1.376995647938987211e-01
1.341766165705040592e-01
1.332518191650834682e-01
1.379305062189393749e-01
1.367436963275522610e-01
1.383588558977486560e-01
1.437905309135363296e-01
1.350716472099385834e-01
1.376467382579592003e-01
1.555619534011326022e-01
1.379625501773745766e-01
1.367147204200290511e-01
1.374068278849698288e-01
1.355497052877267516e-01
1.340466143392951559e-01
1.436502895981633388e-01
1.507293798822392505e-01
1.349466035209576087e-01
1.395081141071844166e-01
1.391732399281293275e-01
1.382026332524026735e-01
1.350580753489482866e-01
1.418730233148608466e-01
1.344781498189744351e-01
1.357166444226976521e-01
1.379000866682847937e-01
1.367635792951980012e-01
1.382312285619783088e-01
1.368311517187633664e-01
1.401536524696562758e-01
1.460944293992728349e-01
1.465109404399094206e-01
1.443523545112266049e-01
1.402486624020990169e-01
1.378635282310050059e-01
1.343125078822958451e-01
1.316742839383055752e-01
1.431831647416840214e-01
1.352638040331920755e-01
1.281240665830526426e-01
1.410447508371254766e-01
1.443137348948123067e-01
1.326300271005688425e-01
1.484168396843886517e-01
1.286926309962200254e-01
1.367800724964242931e-01
1.368467705108808441e-01
1.350774919229399407e-01
1.330302635564439284e-01
1.399374500331078686e-01
1.425142102045614256e-01
1.437033327512312331e-01
1.391121796894054796e-01
1.476218848878300405e-01
1.389337063841909192e-01
1.339268850985326775e-01
1.500529162463128396e-01
1.473571093381212394e-01
1.396052928298937290e-01
1.320314729088776506e-01
1.426901572639666382e-01
1.365128295265545799e-01
1.512424118033782738e-01
1.504363091613500347e-01
1.461126143391437704e-01
1.293590118409178313e-01
1.326366058328931063e-01
1.482596253127952957e-01
1.349952852116232671e-01
