1.299162250453804734e-01
1.420137340763113765e-01
1.397560633418319376e-01
1.419476155541491147e-01
1.322897703532659175e-01
1.420165543541368480e-01
1.348028775290419645e-01
1.299168189892806469e-01
1.313382257402151421e-01
1.419870882550233748e-01
1.348838211067572568e-01
1.419864482800591299e-01
1.363065679857029533e-01
1.419755582510125180e-01
1.420259482390413552e-01
1.324609922087224279e-01
1.322431575545238158e-01
1.398026449982061881e-01
1.420302764352862901e-01
1.419977264549788232e-01
1.419635643603390507e-01
1.347593494675938808e-01
1.298923126901636027e-01
1.420059354900318760e-01
1.420183894965324489e-01
1.299050820279510909e-01
1.323152217918604767e-01
1.420273895747535819e-01
1.350317092618370518e-01
1.420514956036680876e-01
1.419925173005026076e-01
1.419491559800772906e-01
1.419977296477692441e-01
1.419720901982282901e-01
1.420162434956039887e-01
1.347095374957105185e-01
1.322330578841373339e-01
1.397710483183245422e-01
1.420106176990387770e-01
1.346786989157137404e-01
1.323183993493406707e-01
1.419040065555765284e-01
1.420386471178771981e-01
1.316797786876662268e-01
1.420095477509557558e-01
1.362306746121039469e-01
1.323324798481989584e-01
1.323230926171852784e-01
1.418640896753931846e-01
1.361522299414365811e-01
1.419966136895460529e-01
1.419657803317606048e-01
1.420170925067121281e-01
1.419653631207053734e-01
1.322413416430367750e-01
1.364441261384335691e-01
1.420074318740892350e-01
1.397716803511118988e-01
1.419900547193191642e-01
1.363617481439895196e-01
1.363879447262380806e-01
1.419738510798673470e-01
1.419403432714551883e-01
1.364361970124378654e-01
1.299183876792497916e-01
1.419834099150536211e-01
1.420144915607089997e-01
1.299495558286942465e-01
1.419560969085398305e-01
1.363396344838307683e-01
1.397578121511997284e-01
1.364779306434132367e-01
1.419939156154762516e-01
1.419356720563172414e-01
1.419734874651816525e-01
1.419891845223666960e-01
1.420307474213507171e-01
1.419558476188940987e-01
1.322254600005387526e-01
1.419550079318593061e-01
1.419960248401405667e-01
1.295467540034100917e-01
1.296265595912992619e-01
1.419686180828657884e-01
1.419606925720103274e-01
1.419417087079530015e-01
1.419860613329477772e-01
1.420256859133864902e-01
1.419991469108924653e-01
1.419800729883194390e-01
1.420152016789735239e-01
1.419758688251122059e-01
1.313504242128231692e-01
1.419661882154601706e-01
1.419507726940460735e-01
1.419719412953928117e-01
1.419790042540601260e-01
1.419735173107563031e-01
1.419913312963289043e-01
1.350432906206616435e-01
