3.373536881207308546e-01
3.399070928886852583e-01
3.095731665026931201e-01
3.397506262611330041e-01
3.419416221024418334e-01
3.370106652333688113e-01
3.392766095751343913e-01
3.403927372315569411e-01
3.399736349597193841e-01
3.386991008747757825e-01
3.211652160173223414e-01
3.394957559634503297e-01
3.404954485498280503e-01
3.220280726181962705e-01
3.398981105653046120e-01
3.400537291696575926e-01
3.405539454333523786e-01
3.408462203774992871e-01
3.395017250366897388e-01
3.399104033620071186e-01
3.405052048656477259e-01
3.401024662273632870e-01
3.417443786977452103e-01
3.419173444947399276e-01
3.373242572376702886e-01
3.405038297335734598e-01
3.395854286261810739e-01
3.187414347751135191e-01
3.321140461035312352e-01
3.405025702621957695e-01
3.402663823905799356e-01
3.197397541075731042e-01
3.455140190373343079e-01
3.205834868694739104e-01
3.421475145656064920e-01
3.402614750691341783e-01
3.399802839588600967e-01
3.407395565496546541e-01
3.393411597932819990e-01
3.418241864232778315e-01
3.204678826896888988e-01
3.399543520259463714e-01
3.406861353869122255e-01
3.410540803114359143e-01
3.411848957351475975e-01
3.402876281820666482e-01
3.406256020133431317e-01
3.401189670633245621e-01
3.422940252517028270e-01
3.404474661508244959e-01
3.393066764389010004e-01
3.339704703533500352e-01
3.185770887553630581e-01
3.384853076566411989e-01
3.378778388798779897e-01
3.396901557155216911e-01
3.394342301094925851e-01
3.310298547685897597e-01
3.066745306863259413e-01
3.409283400995302693e-01
3.410208416332757286e-01
2.931517413647628523e-01
2.882157206353774814e-01
3.419640938095229177e-01
3.393440396642401491e-01
3.403528249365121994e-01
3.210483366569087393e-01
3.246239186667309040e-01
3.415598604653672377e-01
3.383094376708176698e-01
3.399634873849003425e-01
3.177259908785440290e-01
3.383574940998775871e-01
3.399032422423103328e-01
3.396971543992305942e-01
3.205629098029326718e-01
3.383946435476282155e-01
3.403602136894941510e-01
3.413006952555103779e-01
3.386148515025700356e-01
3.234601790963615997e-01
3.400396505188554297e-01
3.405134510844805562e-01
3.156272854116216053e-01
3.408046752143473745e-01
3.401456426846928283e-01
3.401867430571821616e-01
3.302220537073242701e-01
3.402406892110994563e-01
3.400730814450227957e-01
3.410760535018296791e-01
3.404553839653133851e-01
3.235699974340026097e-01
3.406232769493032775e-01
3.393386430382330787e-01
3.209334032144749993e-01
3.388969585898021220e-01
3.406047051968159045e-01
3.385271534944029881e-01
3.398116107029037214e-01
