4.614895692042067510e-01
4.510730850562719718e-01
4.203182762545966678e-01
4.764063362275366420e-01
4.285381660818027294e-01
4.599560605748125308e-01
4.903276997575763407e-01
4.261682487219946580e-01
4.403303210993995132e-01
4.356126059382569582e-01
4.309875148699932601e-01
4.500741462209912891e-01
4.733264320603415287e-01
4.612496268022375223e-01
4.511220986733363025e-01
4.629112083403905675e-01
4.562201042574936527e-01
4.402584194282785357e-01
4.780177549661639991e-01
4.602844842334621878e-01
4.669172091247695833e-01
4.742620864988496554e-01
4.345301187176619506e-01
3.934262235618444792e-01
4.774157221082671043e-01
4.796106439206970218e-01
4.798644952744592351e-01
4.595137602753753825e-01
4.937521913238183680e-01
4.612296642962082083e-01
4.576111214552927020e-01
4.634097281759020359e-01
4.158909064453058524e-01
4.295328812415627473e-01
4.425300465454989896e-01
4.567949748845916425e-01
4.822471596001401406e-01
4.204813467755411094e-01
4.547147907600548877e-01
4.202197164775972604e-01
4.610879835718427189e-01
4.830302381213307239e-01
4.620759050403465684e-01
4.432259329101321810e-01
4.508019356440208791e-01
4.109006648957238550e-01
4.575386980999910369e-01
4.126241331827260606e-01
4.355967845258227888e-01
4.712910213157283090e-01
4.516277505620595600e-01
4.168482795739640867e-01
4.576986854465892596e-01
4.458991925045767690e-01
4.471577298771047815e-01
4.180663009858494594e-01
4.661484397109187938e-01
4.330316176084316737e-01
4.411101159767923940e-01
4.311402448285224787e-01
4.468961151203745263e-01
4.326590430395232389e-01
4.436813534864800235e-01
4.591907886973971009e-01
3.872795496817028060e-01
4.639449571781911752e-01
4.542651398829126164e-01
4.253004964584302106e-01
4.592771287922314261e-01
4.175697761433029287e-01
4.677293793428525248e-01
3.983755244203274204e-01
4.576967653329106489e-01
4.317255940635125744e-01
4.171075494320298227e-01
4.248035909551601264e-01
4.478160618902683465e-01
4.654346615625075678e-01
4.458365489366193923e-01
4.526868216160261360e-01
4.674096679471473337e-01
4.492192356855224666e-01
4.400323955179166191e-01
4.629685829198320612e-01
4.480032307986777651e-01
4.217026141875406253e-01
4.563225642569601059e-01
4.287656004606598126e-01
4.287984418990086199e-01
4.306797168873659487e-01
4.436823173140755916e-01
4.680620547671455745e-01
4.190877472628933842e-01
4.183246917709013135e-01
4.900658203841504190e-01
4.543868321412203870e-01
4.356593612990991571e-01
4.726901487534500013e-01
4.432110552147228710e-01
4.427563450567821302e-01
