2.298182544289425755e-01
2.185125285614791246e-01
2.344078742675160809e-01
2.348964628809359356e-01
2.360001807669399043e-01
2.357663448112680971e-01
2.357544353906849410e-01
2.312603151024212877e-01
2.329275888162230523e-01
2.366667041124583815e-01
2.362474672808852205e-01
2.366187737603494545e-01
2.355929820695100152e-01
2.328118166945700729e-01
2.329608587689923072e-01
2.361130509381994536e-01
2.356437162803166618e-01
2.357485943376508852e-01
2.332715586763025595e-01
2.359964742922251169e-01
2.359145272449476582e-01
2.301936770508036523e-01
2.367865812292011540e-01
2.298951089692205796e-01
2.356125744731014382e-01
2.336539404791177776e-01
2.368455606173892058e-01
2.282822793998405819e-01
2.278077186269270027e-01
2.271892153674694437e-01
2.351217195545234617e-01
2.328557894383498916e-01
2.301937819291125786e-01
2.214352443552827232e-01
2.324402563081703899e-01
2.341654797228871210e-01
2.368517624146111444e-01
2.344712598020333716e-01
2.156987668662291302e-01
2.300566830608823110e-01
2.366091286813788164e-01
2.274413950550739638e-01
2.333852209084872342e-01
2.327894717339221986e-01
2.358115008237487431e-01
2.286298938281908777e-01
2.325780945348136786e-01
2.367476227099742925e-01
2.163615552784734775e-01
2.354744903537444867e-01
2.323185143200147407e-01
2.174513614399824490e-01
2.313857449189798410e-01
2.205937806761404385e-01
2.330169924395321390e-01
2.325068635377479653e-01
2.356639263372174442e-01
2.318280967280061944e-01
2.159663706526081250e-01
2.357077596886210935e-01
2.332181121173693417e-01
2.325716175467649194e-01
2.191735239167521554e-01
2.187503839289955676e-01
2.335315168572147104e-01
2.322332588815368970e-01
2.216896674918873711e-01
2.360507851867419682e-01
2.350399046903288436e-01
2.189230097372022732e-01
2.326284249170134377e-01
2.288244148563151059e-01
2.292713341582592323e-01
2.357928513914676893e-01
2.333980529645810209e-01
2.326519721372144189e-01
2.322479867914985507e-01
2.366498237355887935e-01
2.291085081621932473e-01
2.331715141669850888e-01
2.356519729857688983e-01
2.367525407030065809e-01
2.362331063063630998e-01
2.298559937346844051e-01
2.329886126901698773e-01
2.330445256798661935e-01
2.368157414161865537e-01
2.337576412329860909e-01
2.365295214424665282e-01
2.306152332856424569e-01
2.361948605689823955e-01
2.358016727029624282e-01
2.296702650294315251e-01
2.327653607610160325e-01
2.327835955729952722e-01
2.344153711848084021e-01
2.319301328532019091e-01
2.368504630486310547e-01
2.194451401955566650e-01
2.336165814445186062e-01
