3.455204431804342891e-01
3.525906818571437062e-01
2.904501008580363530e-01
3.517252297880023026e-01
3.519887572442385038e-01
3.346402395633305549e-01
3.669696023455119582e-01
3.311995755373470796e-01
3.519464913018453545e-01
3.525951526069922015e-01
3.199453230079393751e-01
3.527292662110496080e-01
3.522220535415498399e-01
3.264330808736952694e-01
3.507530100094780057e-01
3.521016771785444588e-01
3.523639669112815787e-01
3.467452127662896677e-01
3.518407210309159594e-01
3.242727840458256572e-01
3.542668508446790709e-01
3.521852970144791484e-01
3.257309747503732145e-01
3.093930673838992673e-01
3.445394013585066917e-01
3.520346251589664410e-01
3.530728246892110289e-01
2.760817137466364812e-01
3.327757311720269673e-01
3.538346254005050318e-01
3.506775461177091269e-01
3.275791968258457421e-01
3.469722612751581781e-01
3.177912213507765316e-01
3.521682402315395310e-01
3.517304408143566707e-01
3.522990759817564710e-01
3.150608963716514110e-01
3.339355894783291867e-01
3.487598403910235900e-01
3.178131542447887314e-01
3.516622272192277410e-01
3.452122950961696857e-01
3.315034978234883134e-01
3.527659163455518776e-01
3.185233058139045337e-01
3.513672825090646823e-01
3.512660038043423083e-01
3.417103155100720269e-01
3.524433463387577348e-01
3.522325863758585807e-01
3.306825291015416113e-01
3.282850850847020552e-01
3.227477107240288023e-01
2.963069011946067310e-01
3.154576871233146784e-01
3.517501781163608343e-01
3.333785076142651849e-01
3.040821177529077768e-01
3.529260120829314507e-01
3.521858009079066321e-01
2.814482458313960489e-01
2.726516326329907480e-01
3.415742465357837765e-01
3.512933396715111067e-01
3.528537378542696556e-01
3.177516102014583677e-01
2.974749381697459061e-01
3.385719585283289423e-01
3.451376222021203533e-01
3.522662138434511925e-01
2.932332085467782012e-01
3.455058053210835478e-01
3.505392692908145258e-01
3.504482026694838437e-01
3.108740302545885403e-01
3.524625563649183002e-01
3.527947314272559809e-01
3.082863244741911313e-01
3.584583061145674154e-01
3.160942870630548129e-01
3.510672740558724025e-01
3.525427239492202602e-01
3.150657061201639353e-01
3.512232504554290702e-01
3.530482173389434819e-01
3.520371980119418320e-01
3.185094626148163299e-01
3.495029591716379280e-01
3.345381885782350295e-01
3.525140383681510947e-01
3.516934606099562100e-01
3.272349530104727844e-01
3.496241789918778098e-01
3.535466070523308746e-01
3.108598212126013061e-01
3.514339809776990120e-01
3.508635422332807008e-01
3.498386863139080205e-01
3.518999059475653723e-01
