1.389108153840611370e-01
1.481413427716759268e-01
1.428042122835758432e-01
1.482240873874809961e-01
1.404549113835608376e-01
1.482186344680365697e-01
1.394103928334695097e-01
1.386943610022193796e-01
1.393279100252366454e-01
1.482194665551888890e-01
1.393788853499673963e-01
1.482235918833436916e-01
1.367240410638829451e-01
1.481548143958634489e-01
1.481371626281204057e-01
1.399778141807365983e-01
1.397813329828127560e-01
1.427889443674933978e-01
1.482227999074528790e-01
1.482186344691218127e-01
1.481364399254181119e-01
1.397560089639383329e-01
1.386943610011002193e-01
1.481363703359804274e-01
1.482235918971576139e-01
1.386944826355271387e-01
1.397881589559324400e-01
1.482236611668600601e-01
1.400217115993770134e-01
1.482236611987155783e-01
1.481364404272401125e-01
1.481409998593661015e-01
1.481360907450825215e-01
1.482280227039602938e-01
1.481517221906058501e-01
1.397737646653225141e-01
1.397993655872272478e-01
1.431701360803039058e-01
1.481559438803734530e-01
1.394307853212927162e-01
1.401851393345464880e-01
1.488500292705422223e-01
1.482233159515389531e-01
1.400000405911256407e-01
1.481372318865097348e-01
1.373932322675146533e-01
1.401753530745931120e-01
1.400074742815989592e-01
1.487050365185746958e-01
1.366124196498643417e-01
1.481516286890687817e-01
1.481555955182572715e-01
1.482187033498966744e-01
1.482232415241242496e-01
1.408504433675361323e-01
1.370228986586206343e-01
1.482225238287476210e-01
1.429487642616810161e-01
1.481605774749976401e-01
1.382617346419753035e-01
1.380457463364882509e-01
1.482233107829252772e-01
1.481596680495737561e-01
1.370569245998010943e-01
1.386944826366421912e-01
1.482241561652408168e-01
1.481555951204186206e-01
1.390187076269895627e-01
1.481449365194320023e-01
1.378588404003767975e-01
1.428910455850057881e-01
1.375233300507395784e-01
1.482235918968231869e-01
1.482232413923740277e-01
1.481508765443861064e-01
1.482280222294111993e-01
1.482187037831443899e-01
1.482275162188154138e-01
1.397993425574276249e-01
1.482274469742954071e-01
1.481516524806975599e-01
1.392038403174116479e-01
1.392780932216296785e-01
1.482282984269164550e-01
1.481605769812434914e-01
1.481562439081453575e-01
1.482187032987764275e-01
1.482225238253600808e-01
1.481371626274803621e-01
1.482183581422666929e-01
1.482227999066569879e-01
1.482241560795170554e-01
1.393364241643213763e-01
1.481371381937274523e-01
1.482240613676691632e-01
1.482282984328305853e-01
1.482241561276789743e-01
1.481363471359810613e-01
1.481360911996568164e-01
1.400233701526174823e-01
