1.502197356758632196e-01
1.594752202015577713e-01
1.551824152746430763e-01
1.573842759680759984e-01
1.548501894558178549e-01
1.535571509126177625e-01
1.536844508754699190e-01
1.570523766286622547e-01
1.566199465740527041e-01
1.548740649061601804e-01
1.541375171704607305e-01
1.564957833220926298e-01
1.560654671027332241e-01
1.574313559446819943e-01
1.437137228643717846e-01
1.572393118403490053e-01
1.563834361785821914e-01
1.454773089068892300e-01
1.560235070384640155e-01
1.474899119023382610e-01
1.563382792778870156e-01
1.500493372404415049e-01
1.570895637916577825e-01
1.492297417466164899e-01
1.571682212724245242e-01
1.567150835727849079e-01
1.537439602526327054e-01
1.498270471049689412e-01
1.592362343237834210e-01
1.596927035799642902e-01
1.572361831256098019e-01
1.574709669522255939e-01
1.531421262558322616e-01
1.529283216837752091e-01
1.565068047066806856e-01
1.551124302365489982e-01
1.563702920917957040e-01
1.540033992844458688e-01
1.603487351926628224e-01
1.458712411002753562e-01
1.545563186345536300e-01
1.496035616361061082e-01
1.455223042421220636e-01
1.534533482338542587e-01
1.549637566457776894e-01
1.587800743321184649e-01
1.564138541059157395e-01
1.442880551587421845e-01
1.596598816442808821e-01
1.572544834230875377e-01
1.577251077532688672e-01
1.608475733790356299e-01
1.556391287542548962e-01
1.619290910499108505e-01
1.440888929424292697e-01
1.548384727624664003e-01
1.570946507961028804e-01
1.563655792101462105e-01
1.542655974739744751e-01
1.563396470163518071e-01
1.496124536202649569e-01
1.470345313838331003e-01
1.540044642669214370e-01
1.615686636398492304e-01
1.560230704522688472e-01
1.515166184006858929e-01
1.571383725260224462e-01
1.537867863031261162e-01
1.565667958970176354e-01
1.596648993470899947e-01
1.576025656860403357e-01
1.488116921504178403e-01
1.549731404439311788e-01
1.551594380929217643e-01
1.566646358479290846e-01
1.557285293954771277e-01
1.539542505880947265e-01
1.573881604608980689e-01
1.563659551400417569e-01
1.559854881646044189e-01
1.561938911869568403e-01
1.535807358994545069e-01
1.563587078147384846e-01
1.511021070259789822e-01
1.551257850739559407e-01
1.574983526506924802e-01
1.563406903299991713e-01
1.538790726401530196e-01
1.475206238139351589e-01
1.583944842465925817e-01
1.563623963864187727e-01
1.558022649416566097e-01
1.561981598944509608e-01
1.564964949955936491e-01
1.558766327506429239e-01
1.550730909324677942e-01
1.541195672611662959e-01
1.495327919891093760e-01
1.601604972176085551e-01
1.562402298852512694e-01
