2.247812284348697509e-01
2.354399654951338516e-01
1.836605963518182505e-01
2.291919090050406338e-01
2.328482911009481238e-01
2.114277364037853435e-01
2.588927450637146244e-01
2.166651010420450885e-01
2.282389365949746285e-01
2.339740310463663542e-01
2.141270449969021883e-01
2.349651127073946744e-01
2.342243920520179490e-01
2.169690638047497844e-01
2.294253638655899541e-01
2.310018572567626716e-01
2.337258927327345026e-01
2.282193567706207460e-01
2.317828318074565963e-01
1.972229147042452446e-01
2.426244622430976938e-01
2.332052804024410397e-01
2.019071434237403873e-01
1.967294668193830254e-01
2.278712045676932474e-01
2.335149519426257259e-01
2.357929748849447449e-01
1.814729682402720090e-01
2.375352916317947649e-01
2.367515949075256199e-01
2.277212567268528109e-01
2.178055124598839987e-01
2.243461577334963375e-01
2.139030739041363205e-01
2.369942768994025006e-01
2.318569696259493162e-01
2.320134763392101285e-01
1.964094245760450441e-01
2.115876782032684034e-01
2.261290923767366456e-01
2.224494513274062613e-01
2.316875065472301654e-01
2.135900090627990688e-01
2.107761553639828367e-01
2.347146177482473395e-01
1.991734719357544370e-01
2.299438015510045785e-01
2.300271532053390910e-01
2.327086106385662656e-01
2.350944700679582500e-01
2.329009367386211116e-01
2.055414713701465279e-01
2.220034112647981672e-01
2.162512136858202871e-01
1.841929881718217255e-01
2.027477288678111167e-01
2.286663869402222049e-01
2.361445740328713405e-01
1.911458535912331502e-01
2.377057429136221756e-01
2.307923144617199940e-01
1.868287738521803298e-01
1.814654823468220546e-01
2.104691122904384371e-01
2.286044982470027964e-01
2.331041865608908525e-01
2.131085303719707225e-01
1.977361834304263155e-01
2.224874307986705324e-01
2.236940876111048748e-01
2.313596194272314888e-01
1.840434350217995951e-01
2.248521832355534211e-01
2.283101748120170693e-01
2.269708688173014410e-01
1.971345369305470552e-01
2.333420822410572637e-01
2.326462900877604434e-01
1.986182809800126070e-01
2.530728533575528627e-01
2.027263043460213465e-01
2.282172099111886010e-01
2.290382518204998052e-01
1.964463248243668581e-01
2.294847367989074072e-01
2.373243928363489297e-01
2.313336314364817237e-01
2.233996739317050950e-01
2.243875148026598654e-01
2.183852546252240678e-01
2.332329610147916565e-01
2.280107821212494223e-01
2.166658372198477789e-01
2.239293302219563520e-01
2.370952495387187720e-01
1.939240450973460372e-01
2.309985798015687930e-01
2.277804506449023492e-01
2.368999273828324981e-01
2.323116712968410769e-01
