1.524410681633029674e-01
1.516470325053357882e-01
1.509790868545214104e-01
1.523913256992692200e-01
1.509922353078941293e-01
1.517094309013009013e-01
1.510582518501469018e-01
1.516338017067862809e-01
1.516338544993712512e-01
1.523853235224501002e-01
1.517021947831071194e-01
1.509732411274764263e-01
1.509649693187714026e-01
1.516397617398798914e-01
1.509855088158690850e-01
1.516405707645219481e-01
1.517908014018508056e-01
1.516203300864708836e-01
1.517629701251160257e-01
1.524182872178475034e-01
1.516433017877404921e-01
1.524220992947074860e-01
1.525021736616964940e-01
1.516403383016724782e-01
1.510333042287059779e-01
1.517911733037376754e-01
1.516506050376229542e-01
1.517199113845654757e-01
1.510494710764985760e-01
1.517614296052171574e-01
1.517670702062849653e-01
1.516837027020002671e-01
1.518293812709619328e-01
1.510566466713853251e-01
1.518610723341011770e-01
1.510531678446287440e-01
1.524480319285195784e-01
1.509487789217496267e-01
1.516344346886848993e-01
1.509826626628388013e-01
1.517144020852776998e-01
1.517865315663656511e-01
1.517871933694695252e-01
1.510517461062463596e-01
1.524451469790193969e-01
1.517879233612380030e-01
1.517137771653046807e-01
1.510332569851021711e-01
1.508752022330811238e-01
1.516405705772359003e-01
1.524149465305687234e-01
1.524419057239496944e-01
1.516161825844671296e-01
1.524947308264338608e-01
1.509733762821006686e-01
1.517899572403393627e-01
1.509811292260005156e-01
1.525134124517749101e-01
1.517920516659085339e-01
1.517696892746510928e-01
1.524356052385046345e-01
1.517907030763158971e-01
1.518549335501389874e-01
1.517878957555039432e-01
1.516409915629143290e-01
1.524159947885361521e-01
1.509854812856169515e-01
1.510313049676230701e-01
1.524234676668085042e-01
1.524377040839821340e-01
1.517645628136376490e-01
1.509559608230291172e-01
1.517877561146710741e-01
1.525143410818542433e-01
1.517041509741670069e-01
1.516398645534152712e-01
1.524443322326639594e-01
1.524898331574420229e-01
1.524121640882478423e-01
1.524344667331145320e-01
1.516519259564085009e-01
1.525131595519360617e-01
1.517703238236332297e-01
1.524205860377578492e-01
1.510454642841543849e-01
1.524377038147872176e-01
1.524480317654270112e-01
1.525134255004174100e-01
1.509733440976297192e-01
1.517871725170374664e-01
1.510517306828675077e-01
1.509805091465107330e-01
1.518615085258272490e-01
1.517839679978048584e-01
1.525033027602936686e-01
1.517947290208829514e-01
1.509524797768170001e-01
1.509797025167782525e-01
1.516847229875115388e-01
1.516167638710730348e-01
