1.378831005288241873e-01
1.404614230233060812e-01
1.403899880833341662e-01
1.394022822890201019e-01
1.428485978514099641e-01
1.390211753134502903e-01
1.388989731231116131e-01
1.427907507562832246e-01
1.393279100252366454e-01
1.401661073885493158e-01
1.381437139909659773e-01
1.482271712454733825e-01
1.378301562455378215e-01
1.482233103274299135e-01
1.375646705286280858e-01
1.403643065137727131e-01
1.381159008076730255e-01
1.427646998189690819e-01
1.381440012178761778e-01
1.427079700981436772e-01
1.393364241643213763e-01
1.384725077583652542e-01
1.386944826366423023e-01
1.482227999062745993e-01
1.430029573802202025e-01
1.386944826366420525e-01
1.404850631792795290e-01
1.481371621127398341e-01
1.399648569875514004e-01
1.482228686780865390e-01
1.401522503004404563e-01
1.481406154460109814e-01
1.369401910506031217e-01
1.400102840958616646e-01
1.401273165219915351e-01
1.385067328027785039e-01
1.404603714077013177e-01
1.429305119366795496e-01
1.401603321237377131e-01
1.393575242458172103e-01
1.397989164908921556e-01
1.385172953794703288e-01
1.404639936812723255e-01
1.400024284788237428e-01
1.393364241643213763e-01
1.370944190757473480e-01
1.404864835717109794e-01
1.403867282247553971e-01
1.487259843089051570e-01
1.388937355930978113e-01
1.482225234058880681e-01
1.401609266699115341e-01
1.367143087792535849e-01
1.401813670759360919e-01
1.429585446469538723e-01
1.374412675278700313e-01
1.382899347547876245e-01
1.431956780390710726e-01
1.393504201864996239e-01
1.481402668358714481e-01
1.376487522789105189e-01
1.393364241643213763e-01
1.482228687393761513e-01
1.370657593291159104e-01
1.386943610022193796e-01
1.426131151879395653e-01
1.482275161386758522e-01
1.390211753143644480e-01
1.482233154983197410e-01
1.374495783612993682e-01
1.431994656263369803e-01
1.370489765921092673e-01
1.481508766225987372e-01
1.481363706995118823e-01
1.397462411845837860e-01
1.482271706972570768e-01
1.401765274936151995e-01
1.371501841623930240e-01
1.401815957577750293e-01
1.394308041179393720e-01
1.428930870656408003e-01
1.388112076073859114e-01
1.389598823844986064e-01
1.482238110034057865e-01
1.385462894332106787e-01
1.397557974467438235e-01
1.380907683832580113e-01
1.404863583502586055e-01
1.487511925795791945e-01
1.481508766176802827e-01
1.481597376066255689e-01
1.482186803439323186e-01
1.390059089374545975e-01
1.401856804496226794e-01
1.482194213414312067e-01
1.397460606042536801e-01
1.398032624109339928e-01
1.391589744077187940e-01
1.397737177545002873e-01
1.411942431600333170e-01
