1.989778096895064019e-01
1.989778096895064019e-01
1.989778096895064019e-01
1.989778096895064019e-01
1.989778096895064019e-01
1.989778096895064019e-01
1.989778096895064019e-01
1.989778096895064019e-01
1.989778096895064019e-01
1.989778096895064019e-01
1.989778096895064019e-01
1.989778096895064019e-01
1.989778096895064019e-01
1.989778096895064019e-01
1.989778096895064019e-01
1.989778096895064019e-01
1.989778096895064019e-01
1.989778096895064019e-01
1.989778096895064019e-01
1.989778096895064019e-01
1.989778096895064019e-01
1.989778096895064019e-01
1.989778096895064019e-01
1.989778096895064019e-01
1.989778096895064019e-01
1.989778096895064019e-01
1.989778096895064019e-01
1.989778096895064019e-01
1.989778096895064019e-01
1.989778096895064019e-01
1.989778096895064019e-01
1.989778096895064019e-01
1.989778096895064019e-01
1.989778096895064019e-01
1.989778096895064019e-01
1.989778096895064019e-01
1.989778096895064019e-01
1.989778096895064019e-01
1.989778096895064019e-01
1.989778096895064019e-01
1.989778096895064019e-01
1.989778096895064019e-01
1.989778096895064019e-01
1.989778096895064019e-01
1.989778096895064019e-01
1.989778096895064019e-01
1.989778096895064019e-01
1.989778096895064019e-01
1.989778097781737254e-01
1.989778096895064019e-01
1.989778096895064019e-01
1.989778096895064019e-01
1.989778096895064019e-01
1.989778096895064019e-01
1.989778096895064019e-01
1.989778096895064019e-01
1.989778096895064019e-01
1.989778096895064019e-01
1.989778096895064019e-01
1.989778096895064019e-01
1.989778096895064019e-01
1.989778096895064019e-01
1.989778096895064019e-01
1.989778096895064019e-01
1.989778096895064019e-01
1.989778096895064019e-01
1.989778096895064019e-01
1.989778096895064019e-01
1.989778096895064019e-01
1.989778096895064019e-01
1.989778096895064019e-01
1.989778096895064019e-01
1.989778096895064019e-01
1.989778096895064019e-01
1.989778096895064019e-01
1.989778096895064019e-01
1.989778096895064019e-01
1.989778096895064019e-01
1.989778096895064019e-01
1.989778096895064019e-01
1.989778096895064019e-01
1.989778096895064019e-01
1.989778096895064019e-01
1.989778096895064019e-01
1.989778096895064019e-01
1.989778096895064019e-01
1.989778096895064019e-01
1.989778096895064019e-01
1.989778096895064019e-01
1.989778096895064019e-01
1.989778096895064019e-01
1.989778096895064019e-01
1.989778096895064019e-01
1.989778096895064019e-01
1.989778096895064019e-01
1.989778096895064019e-01
1.989778096895064019e-01
1.989778096895064019e-01
1.989778096895064019e-01
1.989778096895064019e-01
