1.518664436195796830e-01
1.291379576284346076e-01
1.346923861859921634e-01
1.354463902245717222e-01
1.323414437525828879e-01
1.317207587291323034e-01
1.379732647753822705e-01
1.362124946066459730e-01
1.335327431141943022e-01
1.558230232334580356e-01
1.449086101886108147e-01
1.284545690923521444e-01
1.331193504530004679e-01
1.611810292369822983e-01
1.424503950193357349e-01
1.309848439010045384e-01
1.373237195523064891e-01
1.275489134274081504e-01
1.381139471536560748e-01
1.396952229876942397e-01
1.326498336290204694e-01
1.309408938950459844e-01
1.266462835822283195e-01
1.319971351296127804e-01
1.402651858403632656e-01
1.434499939379789701e-01
1.777450348281408299e-01
1.390848595356570239e-01
1.369544324142875635e-01
1.301142476608565801e-01
1.416029545047496341e-01
1.617242781472328916e-01
1.376414264499257190e-01
1.374637698031916100e-01
1.452751588589560050e-01
1.331613219693691119e-01
1.463825700765233051e-01
1.416451060732687728e-01
1.361949214068791103e-01
1.333436602505659319e-01
1.556958095913818230e-01
1.427888269017952294e-01
1.337659056649373179e-01
1.395796463869898585e-01
1.428771182391501415e-01
1.678184867103245381e-01
1.486347591820921243e-01
1.306615450932702149e-01
1.350655792637699137e-01
1.479268137231042335e-01
1.385748634651852440e-01
1.364585203459695029e-01
1.418555296833050039e-01
1.379379684518943494e-01
1.483010293390459589e-01
1.601622970318263561e-01
1.301589274083310432e-01
1.441384932078169923e-01
1.386986741988817662e-01
1.390080391619499811e-01
1.347486196419992177e-01
1.465179746069041333e-01
1.449339526303466963e-01
1.413714247261394219e-01
1.416905769388739356e-01
1.572886785459825520e-01
1.285247507740299999e-01
1.484560030307674472e-01
1.316676765841078289e-01
1.325929355124987052e-01
1.519486975543688501e-01
1.294442829747745605e-01
1.488406294301131694e-01
1.352896756566805969e-01
1.411352189107240862e-01
1.349246803926251737e-01
1.395150114613537551e-01
1.357740737402183540e-01
1.483713807513651894e-01
1.418515356033655805e-01
1.343510924644187310e-01
1.335789945003318935e-01
1.420540000870996744e-01
1.357749435751400835e-01
1.310689518675341725e-01
1.301185699231618975e-01
1.307030133623757473e-01
1.302056330974584175e-01
1.278867807466771700e-01
1.408363018840141090e-01
1.605028853793381283e-01
1.569006491841585804e-01
1.404559015437964187e-01
1.402858400289112295e-01
1.483400084883625403e-01
1.617099413518625906e-01
1.358750586564225760e-01
1.324079288145626476e-01
1.349652822408148600e-01
1.350646004264487166e-01
