3.135779465291294033e-01
3.155126260059236132e-01
2.863860662783170863e-01
3.156641211485605725e-01
3.209910190930606588e-01
3.137554320831754118e-01
3.137154518670965397e-01
3.165044706080462622e-01
3.153190172052278140e-01
3.137963942723753785e-01
2.855553107564151039e-01
3.154985814771712471e-01
3.158789482128326331e-01
2.907390270005548172e-01
3.155967928770608832e-01
3.166841607565239469e-01
3.162732823414867722e-01
3.170639965400588456e-01
3.155149451959619600e-01
3.163637657757956134e-01
3.167494976941905294e-01
3.161619671378268492e-01
3.183658690331351848e-01
3.190381121061942604e-01
3.098473545511062355e-01
3.160284198316738458e-01
3.159620292683063547e-01
2.906771307083269029e-01
3.156869937547884253e-01
3.162158193578986087e-01
3.165958641843710231e-01
2.901916667380599058e-01
3.288837551234236600e-01
2.951364623349502780e-01
3.199052808098886702e-01
3.168866778063837431e-01
3.155282136974217333e-01
3.194297417900807678e-01
3.150171995883548348e-01
3.200513168646957340e-01
2.993074374255796366e-01
3.157382001406074945e-01
3.184740822759727363e-01
3.192672717615736011e-01
3.198243050941164678e-01
3.160732334498734253e-01
3.161982038297073694e-01
3.172406468805618052e-01
3.201258813527035896e-01
3.168706033175257564e-01
3.156693571327373049e-01
3.080243432623565591e-01
2.933836258960331178e-01
3.136947123081239019e-01
3.099616426438318584e-01
3.158783817236033298e-01
3.142575214893902347e-01
3.169978656305851850e-01
2.614092068646650113e-01
3.207893841458310802e-01
3.194486070276144063e-01
2.596122087189061678e-01
2.537493391701624579e-01
3.212713479245495884e-01
3.186235493681855990e-01
3.161341686870273726e-01
2.949838938566211044e-01
2.992145218652599858e-01
3.193091415330630567e-01
3.129023781966323026e-01
3.156141159022000098e-01
2.946311287732917839e-01
3.122167214997343399e-01
3.155287414748687569e-01
3.152412081108749708e-01
2.809641478246087676e-01
3.144111942524533410e-01
3.161373648071721387e-01
3.190392588984400923e-01
3.178825972789627308e-01
2.988174353256634608e-01
3.149350641049122324e-01
3.185820967996706998e-01
2.733834419319806086e-01
3.198786831360346805e-01
3.186361719187131292e-01
3.176467025334484551e-01
3.077793065942612816e-01
3.194239138529901267e-01
3.155946191084036401e-01
3.204237948353506060e-01
3.168016418294070102e-01
2.825636379500104933e-01
3.192364136662954599e-01
3.149849931957174332e-01
2.839212640095276630e-01
3.149704420773226099e-01
3.153558889073396765e-01
3.133875190151208523e-01
3.159341868582699053e-01
