2.391672572595064383e-01
2.524601859446379826e-01
1.999058799923106033e-01
2.500835117850966349e-01
2.530068086211562095e-01
2.303776243332150142e-01
2.826213659055746841e-01
2.475996102410822908e-01
2.550954182664447734e-01
2.544211179736184381e-01
2.152726803264163324e-01
2.535200404371322769e-01
2.520616591530179806e-01
2.250394216467856423e-01
2.467631591696538007e-01
2.491472308833165838e-01
2.526779328212901965e-01
2.403627951394087525e-01
2.539793778351992493e-01
2.251559575626409515e-01
2.579470919634649917e-01
2.533654980285603986e-01
2.148580346582497635e-01
2.377116096462218719e-01
2.481973024482808377e-01
2.532450873595745167e-01
2.538288448632913252e-01
1.937788450790166594e-01
2.542764162035163755e-01
2.532294671056798951e-01
2.433607483599454502e-01
2.263544621023152736e-01
2.383311613805055573e-01
2.073301089046613588e-01
2.477900078957354091e-01
2.533690050464549315e-01
2.547038429096964429e-01
2.257727343157069633e-01
2.523880820631934085e-01
2.465708085240687908e-01
2.392682751454165146e-01
2.532485254234544958e-01
2.532093959921444259e-01
2.317586442405979996e-01
2.536896482944367981e-01
2.501167120504476094e-01
2.567854984874737845e-01
2.518351839182346175e-01
2.478976182199567335e-01
2.532351875252484286e-01
2.546604448973560642e-01
2.216263852679949686e-01
2.301999656516878767e-01
2.459879070040653926e-01
1.904427143071190376e-01
2.536835509306572534e-01
2.491714926709153455e-01
2.597079286010573473e-01
2.566683309284646941e-01
2.553743247378045811e-01
2.544446422443273903e-01
1.969681973047448797e-01
1.761561138792505921e-01
2.551395136141348940e-01
2.500893145301640863e-01
2.548489332667072116e-01
2.128899969434385475e-01
2.382498593909679885e-01
2.446016776070326082e-01
2.380741507402774626e-01
2.549934059753601323e-01
2.199374934023295425e-01
2.457121540000657967e-01
2.452589852669701254e-01
2.516539545035911263e-01
2.152663352408832609e-01
2.549154834654721036e-01
2.566763599941850327e-01
2.509313900528725161e-01
2.704435659232886091e-01
2.396172357314726720e-01
2.456888014239514972e-01
2.569779991924416862e-01
2.237385033068496343e-01
2.477014687306438034e-01
2.540664343036883599e-01
2.548832293571824392e-01
2.342437568536205883e-01
2.378720139976506220e-01
2.582416010211849855e-01
2.526226178816470824e-01
2.473958140399614702e-01
2.291958473995960310e-01
2.416994130440349720e-01
2.557142149201883652e-01
2.142804783588477258e-01
2.538595660498096929e-01
2.451973676111038336e-01
2.612029762564560542e-01
2.551828230223676663e-01
