2.546026027394363567e-01
2.356412903990794117e-01
2.184993378081547255e-01
2.724262812983715976e-01
2.178671703030083950e-01
2.428423860208246410e-01
2.785957645220535905e-01
2.234587910647142239e-01
2.335860549107365014e-01
2.366452483257617256e-01
2.282659102299704479e-01
2.361647840005901000e-01
2.626198321379751843e-01
2.535066034225422205e-01
2.403240937334022165e-01
2.718672107594631848e-01
2.382300261875708314e-01
2.506983549096133967e-01
2.717039753061523122e-01
2.631779189231280291e-01
2.591270287164956221e-01
2.724859592986219603e-01
2.342767765982897987e-01
2.290688798515558844e-01
2.738760726234568676e-01
2.618933118019623474e-01
2.871042481142728753e-01
2.755817579391496852e-01
2.808700287384421346e-01
2.726122928954595737e-01
2.569725204335279178e-01
2.765966975230124136e-01
2.140677936416104932e-01
2.350200092205990965e-01
2.485673678182006296e-01
2.469520213076560888e-01
2.778839433030254602e-01
2.238415105051257126e-01
2.486041537470535523e-01
2.153653571779022557e-01
2.451013041000185411e-01
2.831514737115976565e-01
2.569070532853604538e-01
2.368413934769163509e-01
2.328253811271074891e-01
2.142253090362264134e-01
2.599522166408856361e-01
2.142013192155448886e-01
2.316792381841094317e-01
2.723791473737440239e-01
2.353366369448026407e-01
2.287596459903361024e-01
2.414183601537403800e-01
2.554470071013382193e-01
2.462109728241206608e-01
2.268738529459221887e-01
2.781691159526510915e-01
2.218095546092307691e-01
2.506721706971604680e-01
2.222433735896159057e-01
2.378087643384433625e-01
2.304740137036960790e-01
2.455776717780194240e-01
2.671416704377242435e-01
2.358202678079067416e-01
2.591011095338064396e-01
2.511956045868026788e-01
2.308125638341168295e-01
2.681294541398344666e-01
2.140336947371474507e-01
2.546701673614307770e-01
2.306303400837189654e-01
2.456524865813588254e-01
2.224033397580583438e-01
2.451053962290940247e-01
2.306391123166656454e-01
2.483203461298049974e-01
2.498696516656063460e-01
2.554976760831815241e-01
2.397213231789184218e-01
2.608320603831195128e-01
2.421662192362257215e-01
2.345843576991494817e-01
2.629840234124235510e-01
2.286711600407988487e-01
2.212765830719762017e-01
2.578279770361362466e-01
2.180433845602965381e-01
2.299413733624299239e-01
2.256145687316376269e-01
2.268451449517669138e-01
2.704681567918918450e-01
2.170084897257192336e-01
2.163377909870252414e-01
2.908980556993477906e-01
2.663121961775306579e-01
2.272726456658575866e-01
2.568333042287061496e-01
2.332202482081118800e-01
2.271991852938304024e-01
