2.770032726605731743e-01
2.796839729104805827e-01
2.469746562837656645e-01
2.795703803872054416e-01
2.859882027070623778e-01
2.779755079132877893e-01
2.778794136184138397e-01
2.808153810150473828e-01
2.795350817486058626e-01
2.779164241745967767e-01
2.517869101947757260e-01
2.794226882593711658e-01
2.798529311967226652e-01
2.539891447107388012e-01
2.794609352850194184e-01
2.806913325751823063e-01
2.803066445178703514e-01
2.823648706614117487e-01
2.794661024330513666e-01
2.809362062856631814e-01
2.813516761858138593e-01
2.799775213698482146e-01
2.826464138131067338e-01
2.832750410387795403e-01
2.732579576790372111e-01
2.798636408649266549e-01
2.801944462375067779e-01
2.539852436068061325e-01
2.792500313270261381e-01
2.802077597620699079e-01
2.803608718319004489e-01
2.635058427651805202e-01
2.943588726383957743e-01
2.580672005256159363e-01
2.845139340597092614e-01
2.808369802559402828e-01
2.796775507062152499e-01
2.844071784510883716e-01
2.791663601744142076e-01
2.850292338023103222e-01
2.677920284502428583e-01
2.801024190626095201e-01
2.830192519245187666e-01
2.834915208479557025e-01
2.848714518264241491e-01
2.801437477281930044e-01
2.802220684475827950e-01
2.815539914022717194e-01
2.847291583183668706e-01
2.810301208820312202e-01
2.797863650514929579e-01
2.712562161680251993e-01
2.592736378414863818e-01
2.778120713604149694e-01
2.744639129797319943e-01
2.798717177051138760e-01
2.790169747229525599e-01
2.805945294669247025e-01
2.334563975363469213e-01
2.858997309975205847e-01
2.841099534851968533e-01
2.273942076873033957e-01
2.134043421785469519e-01
2.858213675516414476e-01
2.835194516651198815e-01
2.801647716829070434e-01
2.576524294804752313e-01
2.644915193659079788e-01
2.834478331955985198e-01
2.772310547848020335e-01
2.797051715296492436e-01
2.619256053441818555e-01
2.757893014688516109e-01
2.797963398905676247e-01
2.795076390252006493e-01
2.542253987891924250e-01
2.786573636486837646e-01
2.799216796915303673e-01
2.840601440687396395e-01
2.814597807415953890e-01
2.649003760435716393e-01
2.789514312123146378e-01
2.832963538431000905e-01
2.370138455891575568e-01
2.841317804941023706e-01
2.834486676901016855e-01
2.824490349790824695e-01
2.727247834722916764e-01
2.837717893292099891e-01
2.798720939265262886e-01
2.853712729157159012e-01
2.809437102822259780e-01
2.486479450845951733e-01
2.837062896756445962e-01
2.793407398642588912e-01
2.579091433935335465e-01
2.791644560927669660e-01
2.792929219436907640e-01
2.777000896798780261e-01
2.802786351497533190e-01
