1.503155403501662823e-01
1.492668272649438077e-01
1.359795100406043789e-01
1.487146077622771845e-01
1.449965586969979014e-01
1.523993665012284560e-01
1.529813370915420745e-01
1.481168054192902317e-01
1.697799974078268992e-01
1.364080464406422499e-01
1.486680750200705392e-01
1.421154480117467478e-01
1.515719031495557922e-01
1.486214898828548681e-01
1.571936964388453706e-01
1.524488575899948795e-01
1.511979108599884325e-01
1.452560624804540290e-01
1.576969990681439948e-01
1.393758122066910965e-01
1.555398601662563163e-01
1.559616517675246616e-01
1.566392404040621855e-01
1.355628724592990164e-01
1.622842012924589350e-01
1.459580620980340249e-01
1.528324074953738565e-01
1.448618266420631240e-01
1.541150893619019635e-01
1.483429413178820044e-01
1.604286987813995924e-01
1.416643291965481999e-01
1.392586994340608286e-01
1.484110584183026271e-01
1.435046542388732083e-01
1.565345834014311155e-01
1.501499358939518691e-01
1.369605284856308391e-01
1.486637655234684663e-01
1.309148670872012921e-01
1.584041030049167520e-01
1.507716769652803213e-01
1.399046851243306577e-01
1.522646108984918034e-01
1.523525897850685762e-01
1.361190979408556656e-01
1.471228309090679975e-01
1.402339743221288348e-01
1.536952132793167614e-01
1.515005409306972028e-01
1.616080196686845161e-01
1.453231088022924056e-01
1.491703407213415822e-01
1.556108307906039767e-01
1.446649120859522797e-01
1.415299602207320817e-01
1.549016511051272693e-01
1.435132819660681902e-01
1.500239091564401217e-01
1.521854629492596644e-01
1.369274546530231951e-01
1.305174463688618947e-01
1.338854003496002254e-01
1.445930259716308175e-01
1.355225567073161663e-01
1.488459116372229940e-01
1.540054204566601026e-01
1.425855188349129665e-01
1.576571921126973530e-01
1.348625389406257480e-01
1.429783908032362660e-01
1.334433062619913291e-01
1.455059351196579809e-01
1.530944110533108138e-01
1.494720127771273777e-01
1.596805388152732486e-01
1.473134948946675515e-01
1.476300983294477620e-01
1.400005964680332005e-01
1.570850775294850843e-01
1.586970824180000961e-01
1.455866477394393288e-01
1.641307600855998194e-01
1.479277706417485017e-01
1.534762048474009877e-01
1.362843300766052035e-01
1.453010197385480595e-01
1.491839280582697436e-01
1.398035932584758279e-01
1.414534346934459008e-01
1.618248359428968719e-01
1.657941626678954838e-01
1.358347886570288321e-01
1.391116157783010843e-01
1.613168571682446484e-01
1.504388012154010135e-01
1.578384626424871040e-01
1.526866955875238185e-01
1.381675900422015824e-01
1.532878669431991803e-01
