1.035952812671210033e-01
9.990036839904209431e-02
1.077059286146834771e-01
1.074252098742260048e-01
9.265181511640602219e-02
1.072073166167435976e-01
1.084298348483747620e-01
1.050556349841510195e-01
1.043842658828034037e-01
1.052254043731685185e-01
1.118674024080440060e-01
1.077793221532251239e-01
1.043658293347788785e-01
1.067967801344560375e-01
8.663526521380705836e-02
1.032825571600462927e-01
1.043498528007263809e-01
8.697620630169854150e-02
1.078975093463682006e-01
8.695418062879198273e-02
1.083921698072530249e-01
1.054459658585263498e-01
1.054112969900798530e-01
9.627925265198403193e-02
1.083077464984905647e-01
1.069081296774651302e-01
1.074626609375862185e-01
1.106005916501174718e-01
1.076581757235081649e-01
1.066903079497393408e-01
1.024217854428579322e-01
1.108817331520089294e-01
1.026295002022319797e-01
1.042602185496017686e-01
1.043980169646282763e-01
1.005655112441202065e-01
9.781492443870740128e-02
1.054228663947597705e-01
1.088033114842406474e-01
1.044727388403473289e-01
1.037952950923413387e-01
1.029318941976923446e-01
8.680480688683368806e-02
1.073986956520458225e-01
1.084089415141215595e-01
1.069431178649646180e-01
1.069603021552233274e-01
1.054536637300499125e-01
1.005387773309064370e-01
1.024129537555669156e-01
1.067904194391133543e-01
1.016247412301033298e-01
9.798523336273971818e-02
9.790214643963043861e-02
8.761440085711880155e-02
1.063788668323420727e-01
1.082359868843352640e-01
1.059116742900964303e-01
1.047121659868827243e-01
1.083257880794469136e-01
9.898456403853378438e-02
8.772334859174439614e-02
8.736212856797287429e-02
9.715078595816450946e-02
1.053664989216850090e-01
1.089100834432636389e-01
1.042352762627544727e-01
1.074363968108199147e-01
1.033199933871499637e-01
9.895174301780028381e-02
1.068765615766995719e-01
8.653565160543065515e-02
1.002651533772630915e-01
1.023973554074290165e-01
1.069309504901626434e-01
1.081804990177390180e-01
1.034367122365832253e-01
1.088017989837571503e-01
1.069395514869741076e-01
1.088972370215507968e-01
1.015318266596701713e-01
1.038309546489983026e-01
1.068986379437315698e-01
8.813778799187776958e-02
1.054450105461483961e-01
1.033590531210228647e-01
1.023895543218396320e-01
1.067067927693410023e-01
1.023979057116348457e-01
1.069547281351436174e-01
1.068461789127173878e-01
1.043595952123337334e-01
9.150029702965198353e-02
1.033416144079006838e-01
1.082582683105240140e-01
1.081982524391676553e-01
8.818458709517383587e-02
8.799358047333841193e-02
9.749327639473899521e-02
1.084352426851667994e-01
