3.332658317886349475e-01
3.332658317886349475e-01
3.332658317886349475e-01
3.332658317886349475e-01
3.332658317886349475e-01
3.332658317886349475e-01
3.332658317886349475e-01
3.332658317886349475e-01
3.332658317886349475e-01
3.332658317886349475e-01
3.332658317886349475e-01
3.332658317886349475e-01
3.332658317886349475e-01
3.332658317886349475e-01
3.332658317886349475e-01
3.332658317886349475e-01
3.332658317886349475e-01
3.332658317886349475e-01
3.332658317886349475e-01
3.332658317886349475e-01
3.332658317886349475e-01
3.332658317886349475e-01
3.332658317886349475e-01
3.332658317886349475e-01
3.332658317886349475e-01
3.332658317886349475e-01
3.332658317886349475e-01
3.332658317886349475e-01
3.332658317886349475e-01
3.332658317886349475e-01
3.332658317886349475e-01
3.332658317886349475e-01
3.332658317886349475e-01
3.332658317886349475e-01
3.332658317886349475e-01
3.332658317886349475e-01
3.332658317886349475e-01
3.332658317886349475e-01
3.332658317886349475e-01
3.332658317886349475e-01
3.332658317886349475e-01
3.332658317886349475e-01
3.332658317886349475e-01
3.332658317886349475e-01
3.332658317886349475e-01
3.332658317886349475e-01
3.332658317886349475e-01
3.332658317886349475e-01
3.332658290417583324e-01
3.332658317886349475e-01
3.332658317886349475e-01
3.332658317886349475e-01
3.332658317886349475e-01
3.332658317886349475e-01
3.332658317886349475e-01
3.332658317886349475e-01
3.332658317886349475e-01
3.332658317886349475e-01
3.332658317886349475e-01
3.332658317886349475e-01
3.332658317886349475e-01
3.332658317886349475e-01
3.332658317886349475e-01
3.332658317886349475e-01
3.332658317886349475e-01
3.332658317886349475e-01
3.332658317886349475e-01
3.332658317886349475e-01
3.332658317886349475e-01
3.332658317886349475e-01
3.332658317886349475e-01
3.332658317886349475e-01
3.332658317886349475e-01
3.332658317886349475e-01
3.332658317886349475e-01
3.332658317886349475e-01
3.332658317886349475e-01
3.332658317886349475e-01
3.332658317886349475e-01
3.332658317886349475e-01
3.332658317886349475e-01
3.332658317886349475e-01
3.332658317886349475e-01
3.332658317886349475e-01
3.332658317886349475e-01
3.332658317886349475e-01
3.332658317886349475e-01
3.332658317886349475e-01
3.332658317886349475e-01
3.332658317886349475e-01
3.332658317886349475e-01
3.332658317886349475e-01
3.332658317886349475e-01
3.332658317886349475e-01
3.332658317886349475e-01
3.332658317886349475e-01
3.332658317886349475e-01
3.332658317886349475e-01
3.332658317886349475e-01
3.332658317886349475e-01
