1.401860298466138799e-01
1.404586216627367878e-01
1.399838429676945883e-01
1.400092092700959967e-01
1.403653560294148561e-01
1.390187053765694347e-01
1.388906424471094414e-01
1.382900634441793508e-01
1.391584847831503213e-01
1.401838409371487237e-01
1.397638009988373120e-01
1.393586498253881201e-01
1.401847963771564454e-01
1.392672599721508087e-01
1.399867675756072960e-01
1.400102624874623725e-01
1.394370611349248223e-01
1.399725879013189456e-01
1.390187088815641181e-01
1.397966599719591418e-01
1.390187066045169839e-01
1.397797492948897047e-01
1.401826256693148309e-01
1.390187066123635129e-01
1.426072438033972600e-01
1.386944826355271665e-01
1.397762955993588352e-01
1.391589744211782498e-01
1.401026052094823671e-01
1.401548382345393640e-01
1.401612268308935760e-01
1.419307343956998646e-01
1.403655937290321232e-01
1.386943610022195461e-01
1.400493752099266076e-01
1.384988039343198196e-01
1.397693786987784514e-01
1.404586375616368177e-01
1.401898372128054238e-01
1.394084273813030461e-01
1.397986966273004061e-01
1.402374538274116234e-01
1.401634262668279562e-01
1.403567418174351267e-01
1.407694750149711405e-01
1.389668888941783809e-01
1.401612270186770315e-01
1.399760502472784940e-01
1.393098034348982384e-01
1.400116432677779577e-01
1.393937233378121365e-01
1.388896573395760614e-01
1.401815873835288995e-01
1.389003780524634690e-01
1.401846473742955623e-01
1.399850250924757900e-01
1.401552343281405599e-01
1.398065032132415342e-01
1.389663971662396524e-01
1.400253198381966602e-01
1.401866846789385501e-01
1.388459845558071837e-01
1.422944740332831859e-01
1.386943610022194906e-01
1.386943610011002193e-01
1.397958344879857984e-01
1.386944826366419692e-01
1.393364241643213763e-01
1.418575925174428987e-01
1.404832526126261749e-01
1.397815734018210132e-01
1.403653804304332564e-01
1.403667383590204154e-01
1.398073949327980070e-01
1.393571941106425960e-01
1.410364982366435205e-01
1.402663537915714853e-01
1.400072752028889700e-01
1.401581786926235362e-01
1.399850094567945680e-01
1.401893411246873389e-01
1.389765822710934962e-01
1.391707858684279875e-01
1.419407589379298729e-01
1.401086546107105368e-01
1.378323042628475659e-01
1.400240612904306015e-01
1.404879205375439977e-01
1.403938439609862254e-01
1.390204780150790242e-01
1.423824655104823089e-01
1.422425950949588180e-01
1.393256693131096902e-01
1.408376226628402228e-01
1.392672599721508087e-01
1.401609433265801341e-01
1.386943610022195184e-01
1.389816388674615932e-01
1.386943610022195184e-01
1.407349548527282168e-01
