2.256989484680982372e-01
2.117493785270644635e-01
2.109713249662475976e-01
2.435437403967294079e-01
2.331648585937138862e-01
2.198623531009157861e-01
2.366737345168773432e-01
2.175500930170729541e-01
2.367087612472689451e-01
2.067815478368658366e-01
2.237640461263044056e-01
2.390054090765820205e-01
2.338831230415657214e-01
2.364245782168345467e-01
2.258184937761901212e-01
2.198516608007696771e-01
2.228533198340774402e-01
2.275000532735066971e-01
2.423377627025734560e-01
2.370186112533689271e-01
2.185326583507025133e-01
2.192380630057599034e-01
2.341126295954742143e-01
2.034515516189826789e-01
2.375782892447341477e-01
2.346813571787788599e-01
2.453888607034357960e-01
2.386019954096260942e-01
2.143844258406429892e-01
2.234188353738215671e-01
2.305935581698862202e-01
2.181477947919552574e-01
2.193802046684558416e-01
2.064410030356386705e-01
2.130866242183264980e-01
2.219841194467316592e-01
2.389772802342104707e-01
2.264801287262712681e-01
2.212844587933893437e-01
1.934610999262243447e-01
2.493788639952940478e-01
2.398013653895739172e-01
2.345024744248044857e-01
2.299618176216895460e-01
2.039561514087112060e-01
2.310239932283882081e-01
2.325386952729585899e-01
2.228673127392234443e-01
2.179143760446671241e-01
2.313183808422454579e-01
2.450806686408919521e-01
2.207900356901747740e-01
2.172827234101671057e-01
2.388002052825937138e-01
2.255667051463428885e-01
2.333608082773181713e-01
2.284945241933797055e-01
2.388602699365907633e-01
2.231489896955116126e-01
2.323729983083522577e-01
1.893951477371518255e-01
2.105883660347078468e-01
1.923009027283390515e-01
2.150550053258476479e-01
2.020071059279354708e-01
2.050073820521448598e-01
2.317670295503409805e-01
2.438238796450124257e-01
2.209605421670692016e-01
2.349181413151605058e-01
2.283996867592849034e-01
1.910253809550695459e-01
2.269029890999718913e-01
2.440308531308675866e-01
2.474375649529315102e-01
2.187815027865801787e-01
2.155643931916120526e-01
2.419026196755360569e-01
2.102056537698412941e-01
2.219125445854457090e-01
2.421738184801707494e-01
2.317381422553054515e-01
2.287164190735727909e-01
2.097111605053049166e-01
2.283883065341587859e-01
2.023161699917115641e-01
2.290655255090082720e-01
2.319208740168366978e-01
2.320904082770369192e-01
2.202555919937830009e-01
2.326279741630564724e-01
2.305793063082388628e-01
2.063347340847591638e-01
2.363799106852547682e-01
2.451569449463276151e-01
2.357526128155064404e-01
2.162643770581296754e-01
2.188216900139224597e-01
2.337809989551952461e-01
2.360132372921531774e-01
