1.085872413373088902e-01
1.220878210392703084e-01
1.167499956785974097e-01
1.221801434121431856e-01
1.100219113422138545e-01
1.222224908328743004e-01
1.111952673078610704e-01
1.082817466488879554e-01
1.105053942114294085e-01
1.220855307793975719e-01
1.120500944156442719e-01
1.218519409351560001e-01
1.117160581581144313e-01
1.219839760978871507e-01
1.220926447097431811e-01
1.097866580404697201e-01
1.098547205758590994e-01
1.167452562213528722e-01
1.222363760480505018e-01
1.222395028893309699e-01
1.215394069622820067e-01
1.110920663248437523e-01
1.082834513742992472e-01
1.221807175568777326e-01
1.220045920645392440e-01
1.085523894800257128e-01
1.096675101663933949e-01
1.220323320011556245e-01
1.132763668822277942e-01
1.220507751688859610e-01
1.218963215016804491e-01
1.220501556573335145e-01
1.220444414068053290e-01
1.218588125815897039e-01
1.222188424805026458e-01
1.107370235448991991e-01
1.101246615591614381e-01
1.168012178558556075e-01
1.220281035306971379e-01
1.116155847211039859e-01
1.098649702318777732e-01
1.214451203628744147e-01
1.222225247008483090e-01
1.099683574832793775e-01
1.222182036042245845e-01
1.118738183325901497e-01
1.103968709009866128e-01
1.103399124417134974e-01
1.214501243038532130e-01
1.120504429163993593e-01
1.222207905306463005e-01
1.215457403483588272e-01
1.222184153507488019e-01
1.222403236221124845e-01
1.097882936113013380e-01
1.119968023160911874e-01
1.220875341088402538e-01
1.168638958757443336e-01
1.222407670858355472e-01
1.122537822621565012e-01
1.121132390168654847e-01
1.220468272964745360e-01
1.216443513840337332e-01
1.129080796211988924e-01
1.082491093991658493e-01
1.220886048319727024e-01
1.217372116944461097e-01
1.086158397778433649e-01
1.222182552396708782e-01
1.121158459394673429e-01
1.167897378986205020e-01
1.123625935243525997e-01
1.219975311471129670e-01
1.215887747920216672e-01
1.217369935648611595e-01
1.220329373961113323e-01
1.222227568842169793e-01
1.222179504645269643e-01
1.102678572363607196e-01
1.220914710683877746e-01
1.217417345266072065e-01
1.076519806580051863e-01
1.079992364588715087e-01
1.221710669282127792e-01
1.221760889340103295e-01
1.220828015759981011e-01
1.219796706900608679e-01
1.220501892608050754e-01
1.220828574337954192e-01
1.217366445036924122e-01
1.222221136889694443e-01
1.216085914923954320e-01
1.105053942117404236e-01
1.218885547957991589e-01
1.221788875651414058e-01
1.222336558783825855e-01
1.220448439321469014e-01
1.222162130908717725e-01
1.222180884705833803e-01
1.129463584298685958e-01
