1.593543217107659948e-01
1.595677152472249893e-01
1.591731859334887256e-01
1.592704664086445343e-01
1.594971220484786290e-01
1.592043372057750372e-01
1.594069611451863488e-01
1.594184516864398105e-01
1.593943201826626133e-01
1.594168586085733252e-01
1.594147946283397677e-01
1.591810723895474011e-01
1.591772029878970596e-01
1.595758110502108751e-01
1.590047770439227126e-01
1.596052233837750578e-01
1.595151991812945591e-01
1.593792007040910619e-01
1.594405086164714380e-01
1.591812912301985294e-01
1.595675767230394504e-01
1.594083170851162412e-01
1.594240989432556821e-01
1.588823188790385865e-01
1.593477555878431984e-01
1.592383091853073751e-01
1.593927978409065693e-01
1.591409422066059620e-01
1.590048688439426039e-01
1.592380917125604256e-01
1.593805759366124231e-01
1.591123778157148561e-01
1.596285748763258683e-01
1.592174310897125633e-01
1.594546565549657957e-01
1.591205479373531406e-01
1.592001960736942889e-01
1.593691323543461880e-01
1.593077246802122315e-01
1.594544833322996125e-01
1.594788611765401709e-01
1.592177833388207786e-01
1.589447267319756829e-01
1.594787576127352224e-01
1.591203003086842926e-01
1.592634050893101672e-01
1.591364256345547679e-01
1.594006630669332625e-01
1.597557094020074231e-01
1.594722867527919308e-01
1.589964728805922933e-01
1.593693732306051547e-01
1.593296718296138836e-01
1.596488356152353238e-01
1.593517055816365824e-01
1.591489028397970740e-01
1.596485934256565153e-01
1.593927230005567353e-01
1.593382794163510641e-01
1.596050496010130437e-01
1.593476261043350883e-01
1.593545177141982849e-01
1.591812067722513380e-01
1.591486121401843312e-01
1.593927275637490037e-01
1.595578697909835197e-01
1.593908746153799849e-01
1.595137003242864948e-01
1.596053215937114911e-01
1.592568156544847957e-01
1.594982455111310926e-01
1.591959226138602024e-01
1.596063062969395319e-01
1.590031441580319616e-01
1.593690667916648207e-01
1.594149582627373829e-01
1.594185069444197245e-01
1.593079306589467725e-01
1.591567864340188987e-01
1.592314169849014804e-01
1.589657144857813120e-01
1.591024644253211939e-01
1.595189683512293066e-01
1.593147736861785235e-01
1.595881632188638488e-01
1.594183378404588625e-01
1.591581938687429976e-01
1.593104433892126859e-01
1.593691704161070699e-01
1.596300491846858183e-01
1.590047778733075512e-01
1.593090694744546676e-01
1.594167964439143492e-01
1.594800760081906965e-01
1.595678125197461938e-01
1.594543494806105466e-01
1.595108415817187431e-01
1.592030163522337449e-01
1.594407673125113334e-01
1.596300156416102789e-01
