2.299237293101258905e-01
2.363401153593620019e-01
2.363401153593620019e-01
2.363401153593620019e-01
2.363401153593620019e-01
2.363401153593620019e-01
2.363401153593620019e-01
2.363401153593620019e-01
2.363401153593620019e-01
2.363401153593620019e-01
2.363401153593620019e-01
2.363401153593620019e-01
2.363401153593620019e-01
2.363401153593620019e-01
2.363401153593620019e-01
2.363401153593620019e-01
2.363401153593620019e-01
2.363401153593620019e-01
2.363401153593620019e-01
2.363401153593620019e-01
2.363401153593620019e-01
2.363401153593620019e-01
2.363401153593620019e-01
2.363401153593620019e-01
2.329175705148384401e-01
2.363401153593620019e-01
2.363401153593620019e-01
2.363401153593620019e-01
2.363401153593620019e-01
2.363401153593620019e-01
2.363401153593620019e-01
2.363401153593620019e-01
2.363401153593620019e-01
1.879519232543094831e-01
2.363401153593620019e-01
2.363401153593620019e-01
2.363401153593620019e-01
2.363401153593620019e-01
2.363401153593620019e-01
2.363401153593620019e-01
2.363401153593620019e-01
2.363401153593620019e-01
2.363401153593620019e-01
2.363401153593620019e-01
2.363401153593620019e-01
2.363401153593620019e-01
2.363401153593620019e-01
2.250873901372761610e-01
2.363401153593620019e-01
2.363401153593620019e-01
2.363401153593620019e-01
2.363401153593620019e-01
2.363401153593620019e-01
2.363401153593620019e-01
2.363401153593620019e-01
2.363401153593620019e-01
2.363401153593620019e-01
1.799571157557436907e-01
2.363401153593620019e-01
2.363401153593620019e-01
1.815804046313505560e-01
1.883759933343528148e-01
2.348669346572929140e-01
2.174342681776076647e-01
1.713252320164379561e-01
2.363401153593620019e-01
2.363401153593620019e-01
2.363401153593620019e-01
2.363401153593620019e-01
2.363401153593620019e-01
2.351376656387576536e-01
2.363401153593620019e-01
2.363401153593620019e-01
2.330302965215263200e-01
2.363401153593620019e-01
2.363401153593620019e-01
2.363401153593620019e-01
2.363401153593620019e-01
1.733415578444820748e-01
1.721289170361169074e-01
2.363401153593620019e-01
2.363401153593620019e-01
2.363401153593620019e-01
2.363401153593620019e-01
2.363401153593620019e-01
2.363401153593620019e-01
2.363401153593620019e-01
2.363401153593620019e-01
2.363401153593620019e-01
2.363401153593620019e-01
2.363401153593620019e-01
2.311123332575950318e-01
2.363401153593620019e-01
2.363401153593620019e-01
2.363401153593620019e-01
2.363401153593620019e-01
2.363401153593620019e-01
2.363401153593620019e-01
2.363401153593620019e-01
1.861532283659591835e-01
