1.089370298768468220e-01
1.046528125279078264e-01
1.033840516430758888e-01
1.110625335461604829e-01
1.020997189136282624e-01
1.092201864306448361e-01
1.176376915930400363e-01
1.060909185312997466e-01
1.186536674113184975e-01
1.232785827988653327e-01
1.128893244091983827e-01
1.191416656823816450e-01
1.130664741204875368e-01
1.037359130369355231e-01
1.072195494150137984e-01
1.013144185093269450e-01
1.094285853664116459e-01
1.168487979301032903e-01
1.072634858280473585e-01
1.132275401029079892e-01
1.290190680534926415e-01
1.202320851021114467e-01
1.211617184839659245e-01
1.051537611177428694e-01
1.136503119720132238e-01
1.158393929661500205e-01
1.297694979201255427e-01
1.079669186729119712e-01
1.011733762723233260e-01
1.096125134924700872e-01
1.037894064720761705e-01
1.108578026419600321e-01
1.103543045377538140e-01
1.036983167034474657e-01
1.080881992902602007e-01
1.060624596805463532e-01
1.050817763216387035e-01
1.115301712865363198e-01
1.095322961593631211e-01
1.081364669514129490e-01
1.327965320501164059e-01
1.137736492910787905e-01
1.096785730462890573e-01
1.115400680811935302e-01
1.070424635079441911e-01
1.053957640279917923e-01
1.166141585400062158e-01
1.284623710400127350e-01
1.033815416059429143e-01
1.136339257249094625e-01
1.145762629164659707e-01
1.125674647750276453e-01
1.131410604108507578e-01
1.168400847568994427e-01
1.019443753461635460e-01
1.041085550684964223e-01
1.082905827953120348e-01
1.130557703689873267e-01
1.114729045995082046e-01
1.083032014083928213e-01
1.100903238945643570e-01
1.171356330867862200e-01
1.207733114816145897e-01
1.139399809437240535e-01
1.150075630221854689e-01
1.071857521047785283e-01
1.063639328386317001e-01
1.033050926532897151e-01
1.137991970467124858e-01
1.090985862415051050e-01
1.009392147349457425e-01
1.135794153771257919e-01
1.172040669340435881e-01
1.001597722666753426e-01
1.216969027158471134e-01
1.047865932326269706e-01
1.112314996875200246e-01
1.049716196725044987e-01
1.067022282734473304e-01
1.069253947403476096e-01
1.097494260206517552e-01
1.154328460739892509e-01
1.162674727099168859e-01
1.085654975127290645e-01
1.239021967328223089e-01
1.053467776096020797e-01
9.720549245831176799e-02
1.217629390319339283e-01
1.161212755760872295e-01
1.037609766283157792e-01
1.096152634920058988e-01
1.174959535543088490e-01
1.134179338853929381e-01
1.295351462235458939e-01
1.260154649748999878e-01
1.203870567219275378e-01
1.051377209021793352e-01
1.047171682326679537e-01
1.205272663408622352e-01
1.080606253417275703e-01
