1.706418558498321025e-01
1.715106271647457159e-01
1.701818391578038270e-01
1.673956705479613394e-01
1.692009734764605144e-01
1.691933244072001408e-01
1.680823779598836776e-01
1.723629020254112965e-01
1.702026258897101352e-01
1.704237056638461811e-01
1.697441468328226843e-01
1.703310899783807009e-01
1.680740435187499382e-01
1.734546144946285395e-01
1.682043877352452921e-01
1.695189186459866160e-01
1.680273385251314644e-01
1.681371550115671465e-01
1.714418944281067836e-01
1.697111372137538321e-01
1.690046153951617613e-01
1.705807910550708739e-01
1.703819598947965419e-01
1.689275226442829292e-01
1.693507716959995468e-01
1.717850848141015130e-01
1.703698634150757341e-01
1.714107151160903508e-01
1.748180070834005340e-01
1.724018730491642948e-01
1.672555913620738799e-01
1.733734904841190694e-01
1.694469046149313374e-01
1.725148418172160192e-01
1.690546900676153375e-01
1.724331195040948173e-01
1.704246606546021836e-01
1.712596736034026901e-01
1.700824027602383381e-01
1.735520146881434356e-01
1.689374363525752154e-01
1.656297734809281663e-01
1.712871167901939551e-01
1.733533561361289832e-01
1.682330155553690976e-01
1.718530566283780481e-01
1.716453105233918530e-01
1.705192947544003357e-01
1.702661433784254108e-01
1.689310403080601930e-01
1.720889342156279034e-01
1.699572066076857901e-01
1.694718568640470047e-01
1.699434000462694272e-01
1.705323289160097788e-01
1.718875187041890573e-01
1.682334813687204333e-01
1.696214658126344310e-01
1.709939241660598797e-01
1.690956127665036168e-01
1.709796609342097706e-01
1.720908493532817274e-01
1.725527960118232451e-01
1.725848131107690087e-01
1.716799010249421831e-01
1.714257469212779328e-01
1.733319051596290961e-01
1.681546876392609191e-01
1.674404740032222894e-01
1.705733789865930827e-01
1.727678821653393371e-01
1.714130296207620197e-01
1.711328025528040808e-01
1.693004037846277954e-01
1.709750572040970584e-01
1.721368750028087202e-01
1.708562749892000021e-01
1.705374924311177653e-01
1.708411358455087792e-01
1.711628321538591069e-01
1.690939943917758592e-01
1.704264067675675953e-01
1.697092948166776250e-01
1.676388755742095060e-01
1.686228655285782196e-01
1.709773043839495077e-01
1.704890091003589125e-01
1.716033936497110002e-01
1.704546216091767652e-01
1.722561892912570780e-01
1.695132381575346625e-01
1.691741011363427083e-01
1.727319064010136018e-01
1.692621495787723085e-01
1.686509998306690017e-01
1.666468731432378947e-01
1.679862611044701526e-01
1.704031275090154840e-01
1.720341805238004840e-01
1.718615370911554252e-01
