3.095393123381133815e-01
3.164048176382786015e-01
3.142093992023209936e-01
3.094991286948274856e-01
3.131094006364038562e-01
3.122788643435319700e-01
3.106251173950858591e-01
3.143974743570808750e-01
3.120273316742802061e-01
3.157467114198533875e-01
3.140499175284685029e-01
3.156304529215135934e-01
3.104398854336256064e-01
3.184442373479435262e-01
3.076625401136261484e-01
3.139045756452123470e-01
3.106563914910229762e-01
3.106730402704146465e-01
3.146374493993149279e-01
3.139326841470641005e-01
3.121564154062597685e-01
3.099700305355583274e-01
3.156862762376058118e-01
3.073790714181844907e-01
3.132994976506905949e-01
3.159017536942724802e-01
3.157887355028379250e-01
3.168980861913035518e-01
3.191446570964435736e-01
3.139190381294797438e-01
3.093293960576689594e-01
3.183796273328295401e-01
3.068333706890856716e-01
3.181531018212779838e-01
3.096472489104866166e-01
3.191601883344640234e-01
3.157457984149858454e-01
3.175494990003724372e-01
3.104149523418225920e-01
3.177383764683130996e-01
3.136027379156717254e-01
3.113049775495135840e-01
3.146080811252304765e-01
3.183291469645470051e-01
3.107827301423823352e-01
3.144014002045690259e-01
3.161774243484431479e-01
3.158130642644220720e-01
3.129594845368713352e-01
3.121296506062416487e-01
3.158127437920493219e-01
3.127298281141242531e-01
3.097345124567570940e-01
3.133513746653590060e-01
3.144381949438098678e-01
3.167054344374629071e-01
3.108271729346347989e-01
3.103140609043617548e-01
3.157871169157933089e-01
3.121815630147586340e-01
3.140491274704029778e-01
3.175570711987126260e-01
3.202544138260194906e-01
3.187406451460821910e-01
3.158334359473838893e-01
3.145055959938028445e-01
3.202452308095077305e-01
3.110572485240384877e-01
3.094796329784305633e-01
3.149641201035075500e-01
3.171918300947237368e-01
3.136186331741023237e-01
3.114396017549611595e-01
3.131166163774750100e-01
3.143453452468764064e-01
3.175102971748908764e-01
3.147813331372839030e-01
3.159202642553398110e-01
3.119413687728612161e-01
3.143474674321902196e-01
3.121744633822902126e-01
3.156867338023908176e-01
3.140769852753081404e-01
3.037721220958503610e-01
3.072157683899181535e-01
3.142342096252599970e-01
3.157674895620362077e-01
3.154106697756906552e-01
3.158599214448049586e-01
3.171532680584652764e-01
3.139202828507877130e-01
3.130270404074254609e-01
3.162335499094625635e-01
3.096347116178707060e-01
3.073704963771424215e-01
3.112246978245484796e-01
3.058496688361438398e-01
3.156584826398118881e-01
3.172764653791903533e-01
3.177234533199837507e-01
