1.507759495104676051e-01
1.418478510577639295e-01
1.315110843429419807e-01
1.505013933872342835e-01
1.512508717564137184e-01
1.526863490822060743e-01
1.488708704554496665e-01
1.526299987215538889e-01
1.511547441120485724e-01
1.511287642575805668e-01
1.548544119157631849e-01
1.507670770793135273e-01
1.512740580406979340e-01
1.548797003042721998e-01
1.511939469026819527e-01
1.504549906181869290e-01
1.512480614736411433e-01
1.512912642875011426e-01
1.511289872519501754e-01
1.508029377210470257e-01
1.511473652283647495e-01
1.509951211256235770e-01
1.525427208437978022e-01
1.526837868951081700e-01
1.512129023812907591e-01
1.507541633717803253e-01
1.512308487553503944e-01
1.255562663025142078e-01
1.390218614792589069e-01
1.505016980881642708e-01
1.511504783571294974e-01
1.548863404530064214e-01
1.509566299810341239e-01
1.252967896110469548e-01
1.502760638460182985e-01
1.524969198131921888e-01
1.504987561733066026e-01
1.442229312571997601e-01
1.515601357035399055e-01
1.509302663534755340e-01
1.416767624550186733e-01
1.507765998053243739e-01
1.507565715422759800e-01
1.504535636305702195e-01
1.511595709397473009e-01
1.507785736220435546e-01
1.511757039752649190e-01
1.509739891547125790e-01
1.279476985500903885e-01
1.505046749732759370e-01
1.511751907873433720e-01
1.524182943013831226e-01
1.573471995199484663e-01
1.281162300551783872e-01
1.548174867659931342e-01
1.528025410547647900e-01
1.511507450827967725e-01
1.391410189866899294e-01
1.525322380794697230e-01
1.511507421386475425e-01
1.509302704844569798e-01
1.341348344067600784e-01
1.112671837281629522e-01
1.512080591661142948e-01
1.507720318794082415e-01
1.511514876580025146e-01
1.251639563857467885e-01
1.362150383169322965e-01
1.511567190167869834e-01
1.507732013356734013e-01
1.512331189565695178e-01
1.323953145143949572e-01
1.509302598963676301e-01
1.511718677764320173e-01
1.512740992532915218e-01
1.372328725783683034e-01
1.530310859829542014e-01
1.509303173984490043e-01
1.507730075890421906e-01
1.512516208444907029e-01
1.561820167694847605e-01
1.513221900092635852e-01
1.524799719139441900e-01
1.388079421766702515e-01
1.507846878119380452e-01
1.509737874064183416e-01
1.507992210960857338e-01
1.522351189582638042e-01
1.508152521170197102e-01
1.548747945418621486e-01
1.511504823595923030e-01
1.504760689062045742e-01
1.548242188187409218e-01
1.507668344068693045e-01
1.511310388302105900e-01
1.256575975189198890e-01
1.507837412956669620e-01
1.512717797425240096e-01
1.507792580561264639e-01
1.511509563592833838e-01
