1.540375312352313397e-01
1.543534612254541805e-01
1.460924655255348148e-01
1.556952290395418048e-01
1.557353542689329240e-01
1.569520374502875459e-01
1.528746825256593889e-01
1.541957117918924536e-01
1.556874893715213537e-01
1.556770346365340396e-01
1.572629690720199203e-01
1.543633971094954538e-01
1.557459450998033013e-01
1.571942085986501869e-01
1.556732197406616447e-01
1.556708786431710845e-01
1.556224292948619470e-01
1.556476872560547675e-01
1.557208649933810307e-01
1.605603085902408966e-01
1.556605400190832211e-01
1.548256467993750773e-01
1.612067531976662804e-01
1.543531443785809421e-01
1.558058328889317112e-01
1.557055118739400501e-01
1.556501530550505608e-01
1.420682836958683803e-01
1.428507916589592253e-01
1.556971216065358432e-01
1.556786645542216629e-01
1.572007068929845153e-01
1.541109102210980186e-01
1.397227525168701356e-01
1.532256547542883152e-01
1.548188683552541023e-01
1.556426909189121133e-01
1.556925810634497698e-01
1.618844994188982922e-01
1.546877429936723281e-01
1.409467804913658584e-01
1.534047066228644562e-01
1.558642135050088140e-01
1.549293560337208775e-01
1.556716432508399028e-01
1.550055305745643985e-01
1.557887363075262377e-01
1.546648737988276512e-01
1.430593430108792752e-01
1.557022759647338217e-01
1.556992791169200807e-01
1.619433380571556336e-01
1.540488316829950743e-01
1.473822491557825465e-01
1.572001292701665776e-01
1.542316323264128208e-01
1.557716537890211084e-01
1.456390868737474920e-01
1.626529819318294490e-01
1.557609734352352060e-01
1.551697870323335560e-01
1.485286326129086898e-01
1.401760369437951292e-01
1.557547308116420948e-01
1.547403678327794463e-01
1.557429014360146025e-01
1.398107241095714603e-01
1.430301765433484862e-01
1.556866653647513976e-01
1.559536455262407473e-01
1.571222320046836984e-01
1.428514871351318494e-01
1.574056352692238536e-01
1.557168168776693895e-01
1.556310426773559463e-01
1.567274591574554232e-01
1.544852052022185340e-01
1.546648650820094395e-01
1.540606329957712739e-01
1.557057312443623498e-01
1.721882502379334379e-01
1.558525344923549494e-01
1.544737924887585045e-01
1.557300347587217970e-01
1.540357180365393985e-01
1.542436889689580426e-01
1.543420192577708017e-01
1.667568490529600100e-01
1.547402883301469134e-01
1.572626338381341859e-01
1.556942862459965993e-01
1.556787400005958111e-01
1.572006969982293334e-01
1.534063034357460997e-01
1.557702219521152620e-01
1.423491557072203706e-01
1.534061753954518992e-01
1.556538780560826618e-01
1.543144077668122949e-01
1.557734111804760790e-01
