2.626051802403241986e-01
2.365609729361092262e-01
2.182153382453966284e-01
2.836260235479983738e-01
2.179377347492728045e-01
2.470117385962811996e-01
2.924634210734802786e-01
2.263433647649009672e-01
2.363755398486063475e-01
2.429590021760012764e-01
2.296554109701210156e-01
2.368684409039505390e-01
2.699957469210392813e-01
2.602931070661518298e-01
2.472989109650174377e-01
2.850523653157558956e-01
2.378379677324703179e-01
2.622793192650644256e-01
2.810020715066656738e-01
2.772850639983021614e-01
2.685317099051560685e-01
2.838548577082277702e-01
2.434931516680663988e-01
2.144194839923228568e-01
2.872291365585431522e-01
2.688634711205382666e-01
3.028048294863681655e-01
2.946540254277570936e-01
2.945494587364141936e-01
2.907354274889338286e-01
2.676310511136881232e-01
2.931839111485613492e-01
2.144835107689965770e-01
2.426209903380118771e-01
2.618299946146976920e-01
2.536416779018370038e-01
2.889624868781065503e-01
2.290184212806150033e-01
2.556677821881388479e-01
2.148529691284172261e-01
2.479560929062925578e-01
2.968614368816949733e-01
2.653939667016491089e-01
2.426410904247481570e-01
2.336472002017565275e-01
2.119408623131415204e-01
2.715867664565127515e-01
2.089521057461036779e-01
2.371210355872918618e-01
2.837645105705216553e-01
2.341030620009331709e-01
2.384734367115581288e-01
2.440984702178290444e-01
2.677734163800449818e-01
2.558768985002057295e-01
2.340931336302490562e-01
2.930266178920877818e-01
2.190480579636385761e-01
2.621649598773490575e-01
2.206948936733102440e-01
2.387912824799672540e-01
2.341576064485193787e-01
2.564402986218057845e-01
2.811320804256877692e-01
2.051130323048834525e-01
2.691218998123759976e-01
2.588044445019322404e-01
2.399884802816684704e-01
2.836073752843287776e-01
2.112918212605340851e-01
2.613369637361118714e-01
2.248805159371034534e-01
2.514982353850662156e-01
2.225386386818091478e-01
2.246029183438265076e-01
2.394612062771032945e-01
2.579009281240058904e-01
2.519451072394384150e-01
2.681068848660803638e-01
2.370472852206118308e-01
2.700554106833032986e-01
2.479603208983355567e-01
2.396165682556277710e-01
2.741860079909157477e-01
2.276469812927807423e-01
2.258650964266351868e-01
2.686524180389736061e-01
2.189847733513334005e-01
2.296914185588865565e-01
2.241737994720632010e-01
2.289789346717955032e-01
2.819769390377805940e-01
2.167876368960092170e-01
2.152915897753087671e-01
3.054716047734732931e-01
2.806254651998749128e-01
2.284577468703296865e-01
2.609615299468409089e-01
2.354960802224341510e-01
2.277022147494781323e-01
