2.016478918797095510e-01
1.900002548325563090e-01
2.197755441542204313e-01
1.944842692764595649e-01
1.951396142678889223e-01
1.950070906124796999e-01
1.916092436011110900e-01
1.902127493881814735e-01
1.949661099170600653e-01
2.016435479203685377e-01
1.899307273741774049e-01
1.944430424926197887e-01
1.949148329055571394e-01
1.871019237488281417e-01
1.944144115774972259e-01
1.944508884571412022e-01
1.944686352526014128e-01
1.943910089315096790e-01
1.944811813919958277e-01
1.944772054430307651e-01
1.945307858600649475e-01
1.886759382681856834e-01
1.951438107098885377e-01
1.855924760598461065e-01
1.944389543605515580e-01
1.945249133253768303e-01
1.944701307328187967e-01
2.019563645660657492e-01
2.163951794931302242e-01
2.074247687395406048e-01
1.945240355550568456e-01
1.853952769721118610e-01
2.077257193446492844e-01
1.894856290644192642e-01
1.904023724498446479e-01
1.859461978042894204e-01
1.944842566824964147e-01
2.076831074779063868e-01
1.944031199934488918e-01
2.010119127833196462e-01
2.144497851813572387e-01
1.952050374779220610e-01
1.950242917774824558e-01
1.903725077238699603e-01
1.949173501408940079e-01
2.074240656859751009e-01
2.075724717207879932e-01
1.890488847811750694e-01
1.980412712686359378e-01
1.944650538638001414e-01
1.944669479417686642e-01
1.949567515092240633e-01
1.899297728626385962e-01
1.948972401468195559e-01
1.897748361260425398e-01
2.078378115895293532e-01
1.950492778856557918e-01
2.170836918770697455e-01
2.075531796327593215e-01
1.945102555738127126e-01
1.951201450252084135e-01
1.971965949156848918e-01
1.996985152628397708e-01
1.951004334349784042e-01
1.889906273009362148e-01
2.010511228381811899e-01
1.948187304729959990e-01
2.009888148657484608e-01
1.943958217870079830e-01
1.943995486321287436e-01
1.943702237348276518e-01
2.204645554290902143e-01
2.009343282368065975e-01
1.945220881874967778e-01
1.945046208606325544e-01
2.074644413704541113e-01
1.852356262081583382e-01
1.944801725125021030e-01
2.074586252426064703e-01
2.017148430974018691e-01
1.952201369145458998e-01
1.948782016079031176e-01
1.928964428673498877e-01
2.079717325595418220e-01
1.945420978377138954e-01
1.889798492734176827e-01
1.944074987660451004e-01
1.950897560895889227e-01
1.954219463093329889e-01
1.854466687858605800e-01
1.945374844990248042e-01
1.944750435250900411e-01
1.946324467251325241e-01
1.943908593799175410e-01
1.945538809261385116e-01
1.948241326567581866e-01
1.944470857230449490e-01
1.951192474811424549e-01
1.944772905665170248e-01
2.077116594723115994e-01
