1.193299799738311989e-01
1.146092399012046820e-01
1.147855530080622577e-01
1.173614575079038325e-01
1.231110409788514770e-01
1.117300037228529247e-01
1.173175471614614496e-01
1.231605503491494252e-01
1.133884685297451705e-01
1.176486354523650912e-01
1.172948573243726145e-01
1.256077654508707953e-01
1.191285044155757922e-01
1.256310086047180419e-01
1.192764223223974768e-01
1.147489657776007144e-01
1.172506919832588951e-01
1.231490059480202653e-01
1.174442517805453223e-01
1.231236809142062238e-01
1.134036840961992199e-01
1.173688975976091425e-01
1.117696810433082000e-01
1.256603792933498331e-01
1.166954676566910182e-01
1.117533404141116266e-01
1.146592358231370568e-01
1.256522135938810958e-01
1.177702471000326018e-01
1.256539775756944366e-01
1.144901053797670043e-01
1.256845446303596348e-01
1.191733617487081009e-01
1.147557884248921883e-01
1.178608400724635158e-01
1.175709618337626300e-01
1.144877602884074030e-01
1.231867174721265751e-01
1.176911525864277053e-01
1.173167190132448912e-01
1.145464147928154236e-01
1.118514730368160986e-01
1.146490199115637321e-01
1.138892490350121162e-01
1.134036840961992199e-01
1.193350125012446888e-01
1.145782253806444384e-01
1.146631492571055094e-01
1.254418977971177573e-01
1.174130843089853105e-01
1.256712026749783606e-01
1.146117370245306882e-01
1.192537009083991240e-01
1.145519917843253743e-01
1.231550930435083152e-01
1.192514905320996993e-01
1.117898015673582379e-01
1.231442512940971595e-01
1.134165332714248686e-01
1.256696050006279597e-01
1.192902650238121670e-01
1.134036840961992199e-01
1.257071374810183051e-01
1.193372621999951588e-01
1.117706662646461846e-01
1.230889062770764986e-01
1.256281238857266946e-01
1.117486575400400695e-01
1.257089396644515689e-01
1.192884226873791587e-01
1.231331116719517199e-01
1.195394832586532674e-01
1.256657073637973132e-01
1.256688256918025992e-01
1.175066252432229175e-01
1.256019303021453926e-01
1.177159102113724820e-01
1.191178234573993244e-01
1.144878536222130178e-01
1.172588404030248388e-01
1.231583498428331230e-01
1.112026754575058674e-01
1.113805592763918301e-01
1.256324387600920023e-01
1.174727914621556402e-01
1.173308085619710894e-01
1.193697804429738746e-01
1.145476230137923851e-01
1.254268605355507715e-01
1.256485931832888869e-01
1.255967081927279461e-01
1.256356638654256563e-01
1.175119157868219494e-01
1.145402229709594488e-01
1.256486955750120982e-01
1.173686451714755358e-01
1.146073571058730950e-01
1.117719683878508619e-01
1.172370741965884366e-01
1.163734971230750564e-01
