3.797456658765387960e-01
4.241234227454186434e-01
3.973465711724943894e-01
4.040897703649590222e-01
4.183481466308340280e-01
3.902062898384329737e-01
4.189057666937082147e-01
4.056592123803148819e-01
4.068744945982747940e-01
4.087530754744420070e-01
4.049388765137978408e-01
3.975084915526648777e-01
4.283225560812767840e-01
4.437936722096679221e-01
4.158782137184728889e-01
3.886431308209614688e-01
4.176087947892586638e-01
4.325490164707447849e-01
3.817763112597858943e-01
4.345514079767577864e-01
4.450171834894138256e-01
4.294787882992824324e-01
4.182576122994192125e-01
3.989176628571884375e-01
4.395420088162468875e-01
4.272263823985590347e-01
4.357228133743165088e-01
3.935486245629841173e-01
3.778803601328631911e-01
4.429452865539014184e-01
4.457784508605156515e-01
3.971237301746535220e-01
4.047793978339720988e-01
3.744547010223034378e-01
3.931778025457276504e-01
3.784848014529091365e-01
4.301546782096332677e-01
4.211189822592358856e-01
4.250860637530111674e-01
3.909854343927731679e-01
4.038976192812498422e-01
4.322123252215355205e-01
3.898596897801698269e-01
4.371984237093671788e-01
3.916780743793775721e-01
3.967245149424232786e-01
4.370596280020384028e-01
3.904888303215375278e-01
4.499639221699515135e-01
4.310238299293872588e-01
3.988281449601875361e-01
4.231881750831034128e-01
4.345618768457428227e-01
4.470315963145133353e-01
4.145985190672296650e-01
4.183578897328578683e-01
4.170704842414102997e-01
3.747269412930023247e-01
4.134832103538254588e-01
4.134216195820737405e-01
3.741120275821288033e-01
3.630619466458923639e-01
3.859188774439761271e-01
3.983084435887193631e-01
3.523054760063509261e-01
4.358726726101117555e-01
4.177703652946684887e-01
4.431879465385142880e-01
3.874008495075781378e-01
4.062858417517890008e-01
4.040976550496459541e-01
3.921585678642424688e-01
4.334229581986921431e-01
4.507258310099294119e-01
3.900203069319473359e-01
4.279146836969489609e-01
4.153337029472866093e-01
4.371328409289253480e-01
3.557848911658793023e-01
3.705750076153130901e-01
3.147680811469414919e-01
4.106997051380383845e-01
4.047897953438877594e-01
4.435662413681638050e-01
4.297750816662799234e-01
3.890039449514088865e-01
3.840824999129892614e-01
3.955302387005282250e-01
4.123925596921556580e-01
4.105430186123006364e-01
3.845490059369856550e-01
3.947470125726911250e-01
4.098802724428791677e-01
4.113345279813203637e-01
4.082943831245823274e-01
4.147555728322396273e-01
3.960677091925696169e-01
4.125248916441759950e-01
4.172237137314901978e-01
3.650599183459821706e-01
