1.145595531980409809e-01
1.144705880830756417e-01
1.147850453239299823e-01
1.148075108767887959e-01
1.147420029327857888e-01
1.116997403688240326e-01
1.174191839568961837e-01
1.117977504846837111e-01
1.117688073541120986e-01
1.145242885636345020e-01
1.174078729697378976e-01
1.173181341898186930e-01
1.147340952773287098e-01
1.134034701900274583e-01
1.147461497024030858e-01
1.147900897915443835e-01
1.173958655273010104e-01
1.177145887295430182e-01
1.117493947340337801e-01
1.145310784311929647e-01
1.117188158932634762e-01
1.174953268115793009e-01
1.144803821796620408e-01
1.116991818191509361e-01
1.166840149979487540e-01
1.117778591806959793e-01
1.145080859919129362e-01
1.117203803850757571e-01
1.178306312503255571e-01
1.145546961513332074e-01
1.145451361343006041e-01
1.175030968713058482e-01
1.147238804923495503e-01
1.118062662259408507e-01
1.177898399109596900e-01
1.172922611355767808e-01
1.145399665449011312e-01
1.144553028377565118e-01
1.177937986771862844e-01
1.174647497911661675e-01
1.146236174853912659e-01
1.115706762310200023e-01
1.145391087996823071e-01
1.138693457072420118e-01
1.117168179123810695e-01
1.116711892194239275e-01
1.145468290997394140e-01
1.145875140594576486e-01
1.116239756826818696e-01
1.149252352563550628e-01
1.133493831427062337e-01
1.174846623107262678e-01
1.145482599418928826e-01
1.173677682481967383e-01
1.145744015364164176e-01
1.146992817780648211e-01
1.146019658341208697e-01
1.146220325783322419e-01
1.116832768915428514e-01
1.177282063348626534e-01
1.176655591112454602e-01
1.113888087709989927e-01
1.175346093162466521e-01
1.117806207435142196e-01
1.117616189877963795e-01
1.145089562643144820e-01
1.117900950344236644e-01
1.134036840961992199e-01
1.175698988099658920e-01
1.145635667947930286e-01
1.146736824443644887e-01
1.147744110702530601e-01
1.148119284762210562e-01
1.145906513890769668e-01
1.174994184700087485e-01
1.147947900794167309e-01
1.177480805709290868e-01
1.146954516080561509e-01
1.145949555994870139e-01
1.146391451372460180e-01
1.146951259789949495e-01
1.113984205544079481e-01
1.114185494076775362e-01
1.176945385723988796e-01
1.178065791347556734e-01
1.081801757330670133e-01
1.138016421858848437e-01
1.146605123799123438e-01
1.149031741579690930e-01
1.116614063160137615e-01
1.167253179718967249e-01
1.175723376875107556e-01
1.114715644678149764e-01
1.145231024338470988e-01
1.134034701900274583e-01
1.146367713280637274e-01
1.117597694156230448e-01
1.117341399810829750e-01
1.117841174930686993e-01
1.163443642471009426e-01
