3.194512610855524404e-01
3.207332164224188098e-01
3.218830988420333106e-01
3.206849557016269170e-01
3.207823842026381045e-01
3.207442843625548101e-01
3.211161722929334883e-01
3.094993860210969450e-01
3.211433271408066226e-01
3.213288910375041718e-01
3.200050485969662128e-01
3.208410266379046472e-01
3.206782992709837354e-01
3.209439869948876867e-01
3.209606035692872950e-01
3.208810083672546387e-01
3.210594256967970739e-01
3.209359680687872141e-01
3.213132212041162061e-01
3.198195406669140928e-01
3.212711176036166516e-01
3.209661502278408629e-01
3.198141453672448398e-01
3.175282226222230220e-01
3.212803604945125846e-01
3.210567442557939466e-01
3.211553779092239935e-01
3.206545619822974147e-01
3.176908518632080014e-01
3.211600614245708196e-01
3.211282776822977358e-01
3.072628025035060717e-01
3.206719918736538055e-01
3.213012126461662898e-01
3.199168283086508136e-01
3.213131945942455658e-01
3.198198299810880996e-01
3.212568329036190051e-01
3.208915337096586717e-01
3.201387816338303605e-01
3.072909001898376791e-01
3.210653377460739866e-01
3.211046009863856021e-01
3.211120913280923195e-01
3.212401772115635601e-01
3.213412687364477494e-01
3.176124224901458182e-01
3.212811801163499292e-01
3.125500921713628699e-01
3.211519381355898983e-01
3.211597561177623184e-01
3.211880560910151394e-01
3.080503833022136262e-01
3.210447929699685177e-01
3.210303862264048402e-01
3.208046605241350879e-01
3.211898330962301151e-01
3.023637065415674119e-01
3.202870055751215195e-01
3.211964673952251159e-01
3.202085803471875214e-01
3.222147415414353677e-01
3.201884669646508641e-01
3.199903224428507498e-01
3.211692165704232993e-01
3.204600472369984465e-01
3.211687528989806695e-01
3.212072286295277190e-01
3.211329731318746661e-01
3.207536409031323532e-01
3.207465603750452865e-01
3.084659032426706471e-01
3.177628037347944301e-01
3.208886488549138050e-01
3.210601056861795977e-01
3.085175501658975472e-01
3.211986157207106229e-01
3.203959233782327498e-01
3.213180660278865397e-01
3.209085789065190264e-01
3.208934352308243643e-01
3.208235261612558120e-01
3.211529224096255075e-01
3.201664106897844086e-01
3.209164412699877511e-01
3.207113411818168780e-01
3.212425375877841494e-01
3.213784693455180586e-01
3.211083877192689173e-01
3.212782131957853116e-01
3.207525113620041113e-01
3.210166365627033502e-01
3.207568566304314639e-01
3.212046059765585881e-01
3.213397751450531303e-01
3.085883741712786010e-01
3.213700517889797048e-01
3.212484790070658236e-01
3.207199215826124772e-01
3.203296166112917231e-01
