3.724652523026723006e-01
3.743997869368270726e-01
3.410160619969935802e-01
3.748681682267118731e-01
3.735440703071692958e-01
3.681894086430582136e-01
3.798565573341325385e-01
3.733511920468609024e-01
3.747205407277958145e-01
3.750460942797275710e-01
3.746107421801148640e-01
3.747930943922480607e-01
3.748514873981617646e-01
3.747435830397724543e-01
3.746970604674624283e-01
3.746138063908820426e-01
3.745793315969490611e-01
3.749629878061561672e-01
3.746814040792096900e-01
3.696065057400858556e-01
3.748038456599295798e-01
3.748796552392357762e-01
3.734877917930378710e-01
3.695680126912261332e-01
3.758869850992765937e-01
3.751261875472808871e-01
3.744658630980494674e-01
3.753124450152124369e-01
3.560080330679074034e-01
3.750331057024288706e-01
3.747021702116189457e-01
3.686648598281472844e-01
3.732474519101790511e-01
3.675982881295600246e-01
3.739738867562158453e-01
3.750859823095108458e-01
3.746304578767659654e-01
3.706039203257592285e-01
3.757025261404173810e-01
3.716491168813300106e-01
3.535931994158739156e-01
3.747873498191972019e-01
3.698153509583074205e-01
3.676958192605979114e-01
3.730027981555378847e-01
3.748931281003833882e-01
3.747024117717031033e-01
3.735394720258313206e-01
3.753510763335274336e-01
3.748205553003236545e-01
3.744234957370202177e-01
3.692936150824975283e-01
3.518715731275388059e-01
3.747230192991201636e-01
3.801252335048534436e-01
3.695113724093640473e-01
3.744195390703465853e-01
3.533079105522557439e-01
3.746705305166845856e-01
3.743197668419961932e-01
3.727841877428496598e-01
3.355811418162394921e-01
3.641108427200223652e-01
3.707643152736486147e-01
3.727298019508869520e-01
3.750451810809269371e-01
3.675949124295112003e-01
3.602737158404435980e-01
3.737449628222049292e-01
3.759093286373469400e-01
3.717966607540098556e-01
3.469777786013749643e-01
3.759882346482261162e-01
3.749055806626349074e-01
3.749642494342949606e-01
3.724095478622723721e-01
3.745156886382061678e-01
3.748245337939422606e-01
3.740012572955517811e-01
3.687431729033704975e-01
3.545627158619809038e-01
3.748540270338470148e-01
3.737641391367638732e-01
3.750199474617481599e-01
3.730999264512144253e-01
3.728025898725675913e-01
3.736419882434325879e-01
3.638038470662564583e-01
3.672431587912748929e-01
3.779275686602845963e-01
3.739713461063179922e-01
3.747254892183062847e-01
3.746624314338056205e-01
3.727279055018854481e-01
3.746104519959547186e-01
3.747344056017085090e-01
3.747189898657351526e-01
3.747368732032385630e-01
3.721320332504366446e-01
3.744872707962583203e-01
