1.148835501089747330e-01
1.129118731673302012e-01
1.203649538498958588e-01
1.151593929830001944e-01
1.116537042688281189e-01
1.254880028604768993e-01
1.162372942721096591e-01
1.208724391441823309e-01
1.141722122948923279e-01
1.163207549037681560e-01
1.234723289872458885e-01
1.129034891197811391e-01
1.227997180385987513e-01
1.156885770763961679e-01
1.092478486892136946e-01
1.182238148850137394e-01
1.174833830043807148e-01
1.196400019117320190e-01
1.270396443026242939e-01
1.184455868243483867e-01
1.174263726758035670e-01
1.136223973980765994e-01
1.233879143169624298e-01
1.192285891666331199e-01
1.147487280028132578e-01
1.132879666421932052e-01
1.153594996868821804e-01
1.152444286794484657e-01
1.169844090671557368e-01
1.238082286679041133e-01
1.288828667818568696e-01
1.248054638612350609e-01
1.193632529450481261e-01
1.099826281864480088e-01
1.220958856218025690e-01
1.294440282293708722e-01
1.085812848616103110e-01
1.181946657550095592e-01
1.316973851464923739e-01
1.157406223497913916e-01
1.146381987391430907e-01
1.094268189220758691e-01
1.256891033594201013e-01
1.196154971564984126e-01
1.286473780698116354e-01
1.141797173027916390e-01
1.300855824075358713e-01
1.147204909089414165e-01
1.190857196843171789e-01
1.132248065548576849e-01
1.145718530272252095e-01
1.280780017739154841e-01
1.125402078173289577e-01
1.256272916926570449e-01
1.142556258489443727e-01
1.177498666431357477e-01
1.118317365397915319e-01
1.102471376284974713e-01
1.341241619352153414e-01
1.203484436513809763e-01
1.309114314941998980e-01
1.172763168555444602e-01
1.170624788944154143e-01
1.196071560553743363e-01
1.149390794674698957e-01
1.282392042377815400e-01
1.123655906402155347e-01
1.192197772248852344e-01
1.129436584131903037e-01
1.129290901342336201e-01
1.121738208462001035e-01
1.224477181766591427e-01
1.237334920076594846e-01
1.113774595992739064e-01
1.230351041604491880e-01
1.082756038172558166e-01
1.222872484496933809e-01
1.254362175980942851e-01
1.162762505508277422e-01
1.335913883088063192e-01
1.251436586950835095e-01
1.365247640451231481e-01
1.125276531071514874e-01
1.252044960326547385e-01
1.175637255226717748e-01
1.234374978292434311e-01
1.215579801817700256e-01
1.232101409307042456e-01
1.141167083039263674e-01
1.285184173464078705e-01
1.171011753841925129e-01
1.188901794617311242e-01
1.281219571616390995e-01
1.130350299750464832e-01
1.190061066401311152e-01
1.188180828172817616e-01
1.118207823667782819e-01
1.221499860799945686e-01
1.140294200124986751e-01
1.185495516391624621e-01
