3.155171866875435271e-01
3.143629842503287142e-01
2.981303871896477942e-01
3.442151238152534320e-01
3.349470627653210464e-01
3.283982282421843424e-01
3.327273662678145172e-01
3.168572844845308767e-01
3.249742232425851807e-01
3.070130432921681085e-01
3.267458965436157992e-01
3.209032573682140121e-01
3.360081938323609130e-01
3.170575417242134653e-01
3.393512019502459287e-01
3.421257274201547349e-01
3.328906248286970238e-01
3.191122137916105328e-01
3.416522080221066626e-01
3.177770557562335507e-01
3.357648883320760169e-01
3.263714531588514656e-01
3.068150878676169091e-01
2.926061980555491049e-01
3.368241857264979155e-01
3.433909969570148046e-01
3.338748024239736600e-01
3.005010624491209481e-01
3.257946551393751111e-01
3.216335357775702564e-01
3.391584107027599826e-01
3.167869198874678216e-01
3.151483910816267331e-01
3.199125291708294627e-01
3.201725718014671873e-01
3.294418949082275616e-01
3.418865511984948147e-01
3.070977145397025820e-01
3.132470974517700402e-01
2.858625998246411282e-01
3.335670125754930382e-01
3.279871080745837553e-01
3.223195067788934831e-01
3.205947499457598160e-01
3.321030643499804924e-01
3.245228164985888286e-01
3.129532398691551864e-01
3.237821023396647013e-01
3.152794294861762658e-01
3.385413465138943923e-01
3.271636657898004952e-01
3.073578553243145883e-01
3.276586331441746491e-01
3.258906777724316361e-01
3.157315864185779031e-01
2.913932601853416737e-01
3.363478338982701099e-01
3.260085112628007264e-01
3.111725275078112141e-01
3.339019472463322646e-01
3.007440610352701271e-01
2.899050151231529759e-01
3.003556929551304822e-01
3.142102390842249626e-01
3.041841519173497099e-01
3.214328356033188672e-01
3.265438687812600160e-01
3.026363107645776429e-01
3.318658426838183573e-01
3.066413549476077471e-01
3.297267302248334531e-01
2.806376926687007001e-01
3.102204953318441483e-01
3.327808024529020359e-01
3.318823945185188085e-01
3.174080901992332171e-01
3.172640846229101141e-01
3.354546667350977729e-01
3.098092788467765590e-01
3.260953151085891344e-01
3.297457972390241965e-01
3.122796788550617486e-01
3.280298246915030469e-01
3.139624254518582069e-01
3.330185737711838234e-01
3.032470437615093495e-01
3.331667858727243581e-01
3.165858032300208902e-01
3.185909879256099142e-01
3.267816304816845707e-01
3.356871593965746747e-01
3.376113032923362955e-01
3.026712966719669051e-01
3.307866080837832956e-01
3.421931994771487684e-01
3.243191744217628902e-01
3.052939983112851752e-01
3.336161869459096652e-01
3.100629342974339231e-01
3.248277835997311902e-01
