2.695046454822971893e-01
2.690142616912497564e-01
2.477187968947404950e-01
2.689110016440771633e-01
2.693638323251061339e-01
2.695320464397510385e-01
2.671745538755315730e-01
2.665835751926403652e-01
2.692447189216076731e-01
2.693595620669524404e-01
2.671100247583030329e-01
2.690375668324748726e-01
2.693880761694663062e-01
2.670212935754987527e-01
2.692566656322937235e-01
2.691071967522613018e-01
2.689059987252706563e-01
2.692923381323918952e-01
2.694059827376895644e-01
2.672723681275643859e-01
2.695336172482243331e-01
2.676582591742346917e-01
2.660131827204547106e-01
2.672405073344692461e-01
2.689921575272273824e-01
2.692690752933927789e-01
2.691665286683890823e-01
2.206739825100667018e-01
2.554643838825315094e-01
2.692848315524974945e-01
2.693662758831533721e-01
2.669970112260926509e-01
2.688013718915662764e-01
2.187435795915764480e-01
2.682932323933036045e-01
2.669721342338807202e-01
2.690114592345284050e-01
2.688104292504819304e-01
2.686501451189939882e-01
2.678803649465510417e-01
2.579814261780415396e-01
2.690968302295101422e-01
2.692675028415125738e-01
2.675865941143535931e-01
2.691659710781335035e-01
2.691643956953426176e-01
2.690595893874952460e-01
2.690227962186759747e-01
2.482610854299850678e-01
2.694062945951182231e-01
2.687401314464904489e-01
2.664931009051894062e-01
2.662751445281896223e-01
2.259563334936824652e-01
2.675420123601962019e-01
2.669319541284758679e-01
2.689428187895529510e-01
2.600572153706424139e-01
2.680890870406046900e-01
2.690068875308719853e-01
2.686256791458789261e-01
2.452509000635473280e-01
2.189367302425516137e-01
2.691377681757647355e-01
2.678951683262446593e-01
2.694184691005819254e-01
2.187662500994085879e-01
2.547627807517269805e-01
2.694593834128550247e-01
2.695407668339757645e-01
2.702444770221087977e-01
2.496155515138391012e-01
2.692362385535451152e-01
2.691892638854439523e-01
2.690141654889469103e-01
2.505295274540718653e-01
2.672652804406815408e-01
2.691059384773064056e-01
2.691909611300745131e-01
2.691998511991049448e-01
2.652858764783083134e-01
2.691007297681443644e-01
2.671698540369195074e-01
2.694385869676567680e-01
2.691727669729174766e-01
2.679146409418167174e-01
2.692258590572961796e-01
2.642792650594626980e-01
2.679136701180619418e-01
2.672324241538061584e-01
2.690766387119626346e-01
2.692605192596013164e-01
2.670765240732654866e-01
2.690551759451830782e-01
2.692069878654997361e-01
2.188863888853842532e-01
2.691564516837558485e-01
2.692031131029617441e-01
2.694048252576858316e-01
2.694852209639831964e-01
