1.619932234289425954e-01
1.431782253453925680e-01
1.632083252347894808e-01
1.687494884503591697e-01
1.635294254275643788e-01
1.696681546677396291e-01
1.693930661870325094e-01
1.674498839915589399e-01
1.640138638028374174e-01
1.548141914852639023e-01
1.686451833549864610e-01
1.656160739979240515e-01
1.686079833275065942e-01
1.638641053910109835e-01
1.541400117577469697e-01
1.689083681337672505e-01
1.682970575640859723e-01
1.541601869205143915e-01
1.689383151690619367e-01
1.411221804815808722e-01
1.692570432278348858e-01
1.624884879109740055e-01
1.586153623937392454e-01
1.404119217976516065e-01
1.685541003211586952e-01
1.627724929599143611e-01
1.688498424668509468e-01
1.395289811159231841e-01
1.610422844174402290e-01
1.609571914401215220e-01
1.691413848936862696e-01
1.662885463525720087e-01
1.610761853317659309e-01
1.438511141870808530e-01
1.617118192722081793e-01
1.641973941221737399e-01
1.614455593772358699e-01
1.638236861771986130e-01
1.405285822068898516e-01
1.419507841854018015e-01
1.650437428920847327e-01
1.412377231398273814e-01
1.402554944602381615e-01
1.599050407287688491e-01
1.681495242902206200e-01
1.573204844060533125e-01
1.626620673470628720e-01
1.553397374956387855e-01
1.426349337015585805e-01
1.690493057179567882e-01
1.672443625582773763e-01
1.410898226770003760e-01
1.651538919697256302e-01
1.451255366098454791e-01
1.460297595588992414e-01
1.606923682911587103e-01
1.690623121675728091e-01
1.667219598285451521e-01
1.389341801780240027e-01
1.686997489249989490e-01
1.631195461054439633e-01
1.420996911801913898e-01
1.379266629692212087e-01
1.424448837506451793e-01
1.605228986785339762e-01
1.455104211486419608e-01
1.409655194941216438e-01
1.660654527729078511e-01
1.675887463208168560e-01
1.415885803673443966e-01
1.665914543278115278e-01
1.400515180666865589e-01
1.616306410696404794e-01
1.682848219320047523e-01
1.638224221389458779e-01
1.684575778570650273e-01
1.615678839310887571e-01
1.686146276453750481e-01
1.610478151545451375e-01
1.652316465476081908e-01
1.688715857905836726e-01
1.659615029096924710e-01
1.647021759509778582e-01
1.307622171708985592e-01
1.680850939942306610e-01
1.681853368645617464e-01
1.682970568713429982e-01
1.676644009370056310e-01
1.418943115956961543e-01
1.562495805106048907e-01
1.683503697236287400e-01
1.691201864359428431e-01
1.528563156482148078e-01
1.684860350193698453e-01
1.682606127733239920e-01
1.665047930874336835e-01
1.415628015522688576e-01
1.411143091904489555e-01
1.427833286257575995e-01
1.561625828398434945e-01
