2.578931305237604499e-01
2.670171753628048372e-01
2.671691844672720029e-01
2.671490791303048895e-01
2.578931305237604499e-01
2.578931305237604499e-01
2.672245206287333086e-01
2.578931305237604499e-01
2.578931305237604499e-01
2.578931305237604499e-01
2.578931305237604499e-01
2.670653782475261862e-01
2.671634478080596731e-01
2.578931305237604499e-01
2.672683074176959717e-01
2.671677146872893371e-01
2.578931305237604499e-01
2.671371026385373493e-01
2.578931305237604499e-01
2.578931305237604499e-01
2.578931305237604499e-01
2.669159780983362262e-01
2.669959646536431142e-01
2.578931305237604499e-01
2.578931305237604499e-01
2.578931305237604499e-01
2.578931305237604499e-01
2.578931305237604499e-01
2.671234699320124695e-01
2.578931305237604499e-01
2.671858931160858153e-01
2.669920120388873941e-01
2.578931305237604499e-01
2.578931305237604499e-01
2.672445335894216289e-01
2.672728318944087578e-01
2.578931305237604499e-01
2.672042637631988349e-01
2.578931305237604499e-01
2.671693959247882777e-01
2.578931305237604499e-01
2.671248935949718240e-01
2.578931305237604499e-01
2.670221025227331735e-01
2.578931305237604499e-01
2.670823405167038755e-01
2.671278859420841423e-01
2.670251428471652755e-01
2.578813066848225644e-01
2.578931305237604499e-01
2.578931305237604499e-01
2.578931305237604499e-01
2.578931305237604499e-01
2.578931305237604499e-01
2.671536647433523926e-01
2.578931305237604499e-01
2.670256955849772407e-01
2.578931305237604499e-01
2.578931305237604499e-01
2.578931305237604499e-01
2.671378930979921851e-01
2.675139151023859241e-01
2.578931305237604499e-01
2.671467638435199299e-01
2.671499429680844750e-01
2.578931305237604499e-01
2.578931305237604499e-01
2.670869852432390945e-01
2.578931305237604499e-01
2.673328180573777413e-01
2.672416326631806283e-01
2.671652333993893014e-01
2.578931305237604499e-01
2.578931305237604499e-01
2.578931305237604499e-01
2.670566286696766656e-01
2.578931305237604499e-01
2.671805987300430174e-01
2.671270046429943257e-01
2.671388740852148613e-01
2.578931305237604499e-01
2.671581717116227050e-01
2.672841224495428047e-01
2.578931305237604499e-01
2.578931305237604499e-01
2.670353839305160126e-01
2.672185764008891962e-01
2.672422584074055085e-01
2.578931305237604499e-01
2.671939650894194496e-01
2.578931305237604499e-01
2.578931305237604499e-01
2.672309487906364134e-01
2.670833672983743967e-01
2.670951195465420813e-01
2.671861973604803819e-01
2.578931305237604499e-01
2.673032079696880947e-01
2.578931305237604499e-01
2.670723469001301531e-01
