3.532805866735949096e-01
3.600975788705710334e-01
3.002892679681276600e-01
3.592989725864188522e-01
3.595305974917953895e-01
3.427565958460998541e-01
3.741444546370701341e-01
3.395302964030902926e-01
3.595273389299281086e-01
3.601375856046565294e-01
3.284540446475125441e-01
3.602437726118120631e-01
3.597574539387146109e-01
3.347228756631124291e-01
3.583385763600004381e-01
3.596631264753676893e-01
3.598918594161679696e-01
3.544406642791771422e-01
3.594129948985916867e-01
3.329985780115250482e-01
3.617166072455598180e-01
3.597407936412070351e-01
3.341717019104559760e-01
3.190797673993390760e-01
3.523284600497453289e-01
3.596074637972291876e-01
3.605722199278868501e-01
2.865925760667626387e-01
3.407940500197716993e-01
3.613114419189046300e-01
3.582694912416646837e-01
3.358357858843187271e-01
3.546856893430267443e-01
3.264862181649743622e-01
3.596825131110682472e-01
3.592965138180794771e-01
3.598550321952518893e-01
3.238976129769751133e-01
3.423259354676146948e-01
3.564653236191616115e-01
3.263241059275123757e-01
3.592474746208600411e-01
3.531155296181769931e-01
3.397297518788371939e-01
3.602797460472635938e-01
3.275347638066349321e-01
3.589618082085961892e-01
3.588508794357953002e-01
3.496896837576325412e-01
3.599702532212393780e-01
3.598047646389598286e-01
3.390101391246903018e-01
3.364680704398902433e-01
3.314121246005227728e-01
3.058492075488262185e-01
3.246319215823501025e-01
3.593140359520423099e-01
3.413569924707294811e-01
3.135903169072140617e-01
3.604535038428034466e-01
3.597497852750943248e-01
2.913261705285601355e-01
2.830727867855302171e-01
3.495633259405089288e-01
3.588962133051120107e-01
3.603690402848088725e-01
3.264021383693071487e-01
3.070599955892132082e-01
3.468278488506726931e-01
3.529022480897723857e-01
3.598184867645918272e-01
3.028764817377083141e-01
3.532447344411975276e-01
3.581551520561054303e-01
3.580544951839930712e-01
3.197467216186062333e-01
3.600182496508204100e-01
3.603189256261730145e-01
3.178497981812995477e-01
3.657594919858395133e-01
3.248998203233451343e-01
3.586680327498404375e-01
3.600958080526994176e-01
3.238721836338215310e-01
3.588173858600801069e-01
3.605605849882370095e-01
3.595837316308088116e-01
3.271374764750381581e-01
3.571460332038352559e-01
3.427332467265794547e-01
3.600236433473544828e-01
3.592781095081458154e-01
3.355370767231934948e-01
3.572579010469910110e-01
3.610400609434141761e-01
3.197958150012354395e-01
3.590181170960584645e-01
3.584483878893852671e-01
3.574844343687785253e-01
3.594639291257514246e-01
