1.751934144461265996e-01
1.592796159705949233e-01
1.758269934008249158e-01
1.816404302760906975e-01
1.871983689610769719e-01
1.822410822838854694e-01
1.818478358950024465e-01
1.807707414452889849e-01
1.872660386363251550e-01
1.797490921015653942e-01
1.824227683196076311e-01
1.819230726782901930e-01
1.871870616001435339e-01
1.796433596169709490e-01
1.807778813491797143e-01
1.872582175294749407e-01
1.826156218370382500e-01
1.828865513661007414e-01
1.826151493050565677e-01
1.611753527385128004e-01
1.818536006423460694e-01
1.867230325141724101e-01
1.870964561865084419e-01
1.547225576060262398e-01
1.823564624004367085e-01
1.834365413515153254e-01
1.813784994965481068e-01
1.803782331938762473e-01
1.776313111079380613e-01
1.802682461697160399e-01
1.873001217860477685e-01
1.823992183153954338e-01
1.808101865701035038e-01
1.644234011359196890e-01
1.871202916081114442e-01
1.858454607525689140e-01
1.871188385423570300e-01
1.872932189682353088e-01
1.820924344598906508e-01
1.769983162074589833e-01
1.846139205769302960e-01
1.799660989264681987e-01
1.650824511560143038e-01
1.817323987821249653e-01
1.816633187138197159e-01
1.828550303885870254e-01
1.786968061042595035e-01
1.872753952196947735e-01
1.660827473286272393e-01
1.871817629353679235e-01
1.825280181454654593e-01
1.567814872506649582e-01
1.831480804897461512e-01
1.675720289932832452e-01
1.793869393102934251e-01
1.871278312801428201e-01
1.823371465299132854e-01
1.852981491425196581e-01
1.736419870096800044e-01
1.818112561442098984e-01
1.726595889654781169e-01
1.539844753356772733e-01
1.577547394791344315e-01
1.637686548260088304e-01
1.810008996588892416e-01
1.815742057778147456e-01
1.645354291300686334e-01
1.808531090289426380e-01
1.873026533721078024e-01
1.603912113558425001e-01
1.824832521042393241e-01
1.790072046718691468e-01
1.819633327580314208e-01
1.871673861403577444e-01
1.833493736433316201e-01
1.801656055175364646e-01
1.872949078702189352e-01
1.819026371064429437e-01
1.786943015695348358e-01
1.818611065245572811e-01
1.871730743202430214e-01
1.807068936366111878e-01
1.828403785641403989e-01
1.550073792993645061e-01
1.871909895343178698e-01
1.871832534490033284e-01
1.872989485409576604e-01
1.827162814251341860e-01
1.872696658017431737e-01
1.827907508647174384e-01
1.824426431094281209e-01
1.871741542810944070e-01
1.722914094192187495e-01
1.873096774338671999e-01
1.823434171604080556e-01
1.803468480461259682e-01
1.607339251605551800e-01
1.608157187566359725e-01
1.757289069537917858e-01
1.769980409503013052e-01
