2.509275230304166548e-01
2.082907525189564013e-01
2.266996525247690353e-01
2.510067739898309558e-01
2.507778646635930864e-01
2.494806282452753654e-01
2.479512610677654660e-01
2.495982304847432776e-01
2.506698249069366224e-01
2.510931977230120293e-01
2.497454435357301383e-01
2.505960388764254532e-01
2.509263727796647858e-01
2.497823823394229592e-01
2.509532027156640699e-01
2.511405445620628618e-01
2.506373645333508926e-01
2.508263596587965716e-01
2.508187400773579934e-01
2.478083066356762676e-01
2.509857806404611202e-01
2.494575550740340542e-01
2.471388589299162442e-01
2.502371292458203667e-01
2.507015629785410149e-01
2.513876571356294387e-01
2.508980012185590969e-01
1.967476262757817396e-01
2.354582660190041032e-01
2.513481077948688247e-01
2.509654936694076244e-01
2.498119010535499729e-01
2.504948353037523834e-01
1.911579741548190825e-01
2.499872632119012894e-01
2.498836287707088821e-01
2.511135207069244979e-01
2.299685176477430926e-01
2.485779340285493855e-01
2.501602079000588286e-01
2.397332955643881325e-01
2.505314307498147652e-01
2.507567604586927179e-01
2.465946859072951358e-01
2.506516237868016139e-01
2.506723512467085024e-01
2.506761706865106021e-01
2.506935611623295479e-01
2.277391279052542739e-01
2.514884201011917675e-01
2.506930771662899127e-01
2.474271950161603395e-01
2.510212068908337368e-01
1.963017383917566860e-01
2.499667444993558529e-01
2.499274104733989754e-01
2.507327406091037214e-01
2.352765579016487252e-01
2.480842283546290383e-01
2.507444339241052256e-01
2.504130033531237198e-01
2.198691382534991301e-01
1.661505817179870503e-01
2.507626770923354065e-01
2.496363313346935120e-01
2.509016315029122257e-01
1.912066973353204469e-01
2.326355520857312509e-01
2.510342430824944460e-01
2.509207517455260827e-01
2.511702971564849785e-01
2.292062451083238528e-01
2.505897096528263424e-01
2.507311811778487609e-01
2.507325899865141539e-01
2.270570222947894401e-01
2.502735415720102607e-01
2.503325235252875092e-01
2.506225837931205236e-01
2.505727586860249656e-01
2.446524012564209039e-01
2.500561249402865616e-01
2.497513955623966719e-01
2.306887911377393519e-01
2.505970937040967739e-01
2.495162643070386044e-01
2.506963544939907473e-01
2.444137985829644422e-01
2.501656508041160687e-01
2.500189049822528764e-01
2.506902848007978024e-01
2.513481771078339144e-01
2.499168987458560698e-01
2.506121646841429351e-01
2.506593205681355019e-01
1.948461060856007676e-01
2.505542363338185696e-01
2.506890288082700424e-01
2.506525757533236698e-01
2.508674193028014310e-01
