3.276993490216113525e-01
3.188103261456799453e-01
3.290782414466961736e-01
3.297689554342000395e-01
3.298596960099628439e-01
3.299229179067227902e-01
3.301585121386847455e-01
3.275544112779930628e-01
3.288042295536064419e-01
3.298837361283194491e-01
3.298412660804025953e-01
3.298548211069999292e-01
3.301575255949608101e-01
3.276020345189106786e-01
3.293200408262170198e-01
3.297459828741258203e-01
3.300932990557661761e-01
3.301624898728319768e-01
3.286427572647311335e-01
3.296805199472990777e-01
3.300428787134960795e-01
3.279459046233546560e-01
3.299548510187764738e-01
3.274193961399307629e-01
3.296019650675766077e-01
3.286925024810724572e-01
3.299919335330183667e-01
3.242899721363738941e-01
3.249732387991789428e-01
3.253424305877321010e-01
3.299227591715401253e-01
3.276262350491804809e-01
3.284523301322850308e-01
3.202284421229794620e-01
3.287907942248706195e-01
3.281262675263069140e-01
3.300062405976251778e-01
3.283544414278651291e-01
3.180035243122966149e-01
3.267984531602595721e-01
3.303429321061278068e-01
3.295707844236276385e-01
3.287275035384811250e-01
3.275773916520638984e-01
3.302028287783637661e-01
3.259716340641167220e-01
3.278956328071160886e-01
3.299369678092770597e-01
3.178103075003209654e-01
3.297471919773893312e-01
3.277821126493705717e-01
3.186673958455983335e-01
3.282834105184709306e-01
3.202881767932068691e-01
3.281862958572184796e-01
3.274104836606829272e-01
3.301042169790369130e-01
3.283075749821216527e-01
3.172012741484173115e-01
3.298952330527784027e-01
3.286114144690499561e-01
3.274318443290763492e-01
3.182406213570201370e-01
3.182192137648748864e-01
3.285333515412772742e-01
3.279103058796310477e-01
3.199904852557601820e-01
3.304096502396088320e-01
3.298795778392486500e-01
3.191671444309417960e-01
3.277597529653442643e-01
3.260539816665992685e-01
3.271347649424577453e-01
3.297214239111428968e-01
3.286928295550612389e-01
3.275091956078037825e-01
3.278825897063336048e-01
3.298837390716148898e-01
3.268015244771751426e-01
3.285818041848114213e-01
3.298481927050089246e-01
3.299439668139758641e-01
3.298436192739217510e-01
3.279636764129458260e-01
3.295167138277197982e-01
3.284355016897808621e-01
3.299790555941695125e-01
3.284504336526093971e-01
3.297969008484960551e-01
3.265304073506518079e-01
3.297973479946983422e-01
3.297410779624991850e-01
3.267013324988568002e-01
3.290265647474259758e-01
3.293621688378121637e-01
3.278702629858323836e-01
3.289471421905802440e-01
3.300056544485407417e-01
3.188787720199134923e-01
3.279979050310835587e-01
