2.304871820031568486e-01
2.592792846914379612e-01
2.017726010925378066e-01
1.800665758718814902e-01
2.193254598189943450e-01
2.246630737430493630e-01
2.515297150415441441e-01
2.187781801776642610e-01
1.807446624515248179e-01
2.200997366086336338e-01
2.254100992572895257e-01
2.183064920928544095e-01
1.800665758718814902e-01
2.633261670884020633e-01
1.800665758718814902e-01
2.421206983687025360e-01
2.218092818921489906e-01
2.372502684197017875e-01
1.800665758718814902e-01
2.124753803485228687e-01
1.800665758718814902e-01
2.519330926343525401e-01
1.905487548390769614e-01
2.242677779596309873e-01
2.202733775096240576e-01
2.327889156995702480e-01
2.573055725889245582e-01
2.503417823946664789e-01
2.674035969150066472e-01
2.565325304734870637e-01
1.800665758718814902e-01
2.298786651329154107e-01
2.289719689285864557e-01
2.333285268152036074e-01
2.198092760583496286e-01
1.800665758718814902e-01
2.173897539133319012e-01
2.100671573453782304e-01
2.437980208379890712e-01
1.935700499846559897e-01
1.800665758718814902e-01
2.549337058708405768e-01
2.223080050363102078e-01
2.604989387854297900e-01
2.588044508966712565e-01
2.013929895305716644e-01
2.153726208008283904e-01
2.225076674687574696e-01
1.800665758718814902e-01
2.248817219837299652e-01
1.983861200731583119e-01
2.491310703917253011e-01
2.507663437121865346e-01
1.800665758718814902e-01
2.397035281109419214e-01
1.921390514031548757e-01
2.325550651726146223e-01
2.205303496820003872e-01
2.621474686996848602e-01
2.266699930396115503e-01
2.172461848575448495e-01
1.804067007392020083e-01
1.891194023810204572e-01
2.141250045459274498e-01
1.805520015633567954e-01
2.449293432013703864e-01
2.005427400089262180e-01
2.404080488415063777e-01
1.800665758718814902e-01
2.117812565887002285e-01
2.275151736307425565e-01
1.986742900547020518e-01
2.520709211818660811e-01
2.412144706774515535e-01
2.297801903127547063e-01
2.589872585847156627e-01
2.369824692228120200e-01
2.531314781808370329e-01
1.983974849762827342e-01
2.061419429185787078e-01
1.800665758718814902e-01
2.205866934653950562e-01
1.690993530320664129e-01
2.549254661292451041e-01
1.800665758718814902e-01
2.145128307884568986e-01
2.239910337681602359e-01
2.211218432659379507e-01
2.162266542431863225e-01
2.116862950583531522e-01
1.871691181639628665e-01
2.140050762331613121e-01
2.136039206204383423e-01
2.297241969812097162e-01
2.169185373852530740e-01
2.159341952230532102e-01
1.729523127249099623e-01
2.103930659082259014e-01
2.267578711442398698e-01
2.416369606274545445e-01
