3.270156363718880188e-01
3.296712827832575798e-01
2.981083382965830642e-01
3.295071613902030294e-01
3.317729057920004720e-01
3.266015725283253901e-01
3.290282216280876471e-01
3.301701420117096331e-01
3.297386179589155697e-01
3.284130496763608131e-01
3.101638754792891417e-01
3.292573464823426166e-01
3.302873057714997285e-01
3.110406155429160657e-01
3.296715951170772207e-01
3.298275440445426754e-01
3.303393981397231838e-01
3.306420433815946969e-01
3.292477804570906330e-01
3.296797106948324840e-01
3.303022724824516976e-01
3.298778573544182691e-01
3.315911966162656266e-01
3.317789349155293999e-01
3.269873240018986715e-01
3.302913328844335750e-01
3.293290303038420852e-01
3.077336295791699983e-01
3.215890924722005217e-01
3.302898317282473850e-01
3.300449601860386273e-01
3.086214236533900146e-01
3.354735398337678198e-01
3.095907504415559841e-01
3.319828725618131360e-01
3.300296805696834035e-01
3.297537171025983760e-01
3.305247471715855867e-01
3.290928186677901102e-01
3.316408189443640353e-01
3.093629793205430745e-01
3.297168250064096418e-01
3.304434704693968716e-01
3.308450835930258904e-01
3.309843425548195106e-01
3.300703967783922832e-01
3.304159828666931031e-01
3.298673535814302116e-01
3.321768488746854042e-01
3.302351242270428755e-01
3.290393192091441432e-01
3.235449012997231311e-01
3.074084373631987832e-01
3.282242687398103653e-01
3.276184752298080816e-01
3.294594061948926678e-01
3.291714957433818922e-01
3.203592232236397996e-01
2.953386990357198538e-01
3.307193545951302993e-01
3.308069113370633585e-01
2.808787894664300233e-01
2.758298628436134936e-01
3.317956116273583778e-01
3.290795032434515877e-01
3.301253868985943862e-01
3.100736243623190558e-01
3.137725663538016851e-01
3.313823713353391542e-01
3.279871762787693878e-01
3.297390001420998917e-01
3.065074307730933922e-01
3.280728433798293375e-01
3.296782520381865145e-01
3.294507597197512405e-01
3.095606687008599089e-01
3.280940982007856666e-01
3.301362259362193297e-01
3.310930852613483411e-01
3.283258469067800722e-01
3.124630194393027693e-01
3.298094084878455678e-01
3.302625257132542624e-01
3.045623522444092512e-01
3.305826467917406530e-01
3.299032110843551635e-01
3.299381528198812030e-01
3.196524501472449709e-01
3.299937362200401902e-01
3.298544524957138235e-01
3.308697295638734492e-01
3.302437933463639452e-01
3.127596786844548671e-01
3.303962555542895863e-01
3.290768157747907541e-01
3.099471949518208258e-01
3.286170372417009933e-01
3.304035532539328912e-01
3.282069575316907684e-01
3.295622410341608188e-01
