2.234738832268634845e-01
2.213290933763389923e-01
2.213290933763389923e-01
2.213290933763389923e-01
2.213290933763389923e-01
2.213290933763389923e-01
2.213290933763389923e-01
2.213290933763389923e-01
2.213290933763389923e-01
2.213290933763389923e-01
2.213290933763389923e-01
2.213290933763389923e-01
2.213290933763389923e-01
2.213290933763389923e-01
2.213290933763389923e-01
2.213290933763389923e-01
2.213290933763389923e-01
2.213290933763389923e-01
2.213290933763389923e-01
2.213290933763389923e-01
2.213290933763389923e-01
2.213290933763389923e-01
2.213290933763389923e-01
2.213290933763389923e-01
2.214540044172693400e-01
2.213290933763389923e-01
2.213290933763389923e-01
2.213290933763389923e-01
2.213290933763389923e-01
2.213290933763389923e-01
2.213290933763389923e-01
2.213290933763389923e-01
2.213290933763389923e-01
3.217059318413619806e-01
2.213290933763389923e-01
2.213290933763389923e-01
2.213290933763389923e-01
2.213290933763389923e-01
2.213290933763389923e-01
2.213290933763389923e-01
2.213290933763389923e-01
2.213290933763389923e-01
2.213290933763389923e-01
2.213290933763389923e-01
2.213290933763389923e-01
2.213290933763389923e-01
2.213290933763389923e-01
2.260058917434203118e-01
2.213290933763389923e-01
2.213290933763389923e-01
2.213290933763389923e-01
2.213290933763389923e-01
2.213290933763389923e-01
2.213290933763389923e-01
2.213290933763389923e-01
2.213290933763389923e-01
2.213290933763389923e-01
3.224040151296533874e-01
2.213290933763389923e-01
2.213290933763389923e-01
3.084518435397739511e-01
3.197965221435699057e-01
2.210902164274759774e-01
2.216259331097199803e-01
3.141631469123168374e-01
2.213290933763389923e-01
2.213290933763389923e-01
2.213290933763389923e-01
2.213290933763389923e-01
2.213290933763389923e-01
2.211994746679619428e-01
2.213290933763389923e-01
2.213290933763389923e-01
2.211493931337088492e-01
2.213290933763389923e-01
2.213290933763389923e-01
2.213290933763389923e-01
2.213290933763389923e-01
3.073417635891572131e-01
2.906727559761028701e-01
2.213290933763389923e-01
2.213290933763389923e-01
2.213290933763389923e-01
2.213290933763389923e-01
2.213290933763389923e-01
2.213290933763389923e-01
2.213290933763389923e-01
2.213290933763389923e-01
2.213290933763389923e-01
2.213290933763389923e-01
2.213290933763389923e-01
2.219900470283776850e-01
2.213290933763389923e-01
2.213290933763389923e-01
2.213290933763389923e-01
2.213290933763389923e-01
2.213290933763389923e-01
2.213290933763389923e-01
2.213290933763389923e-01
2.981399339290743966e-01
