1.532578394364247365e-01
1.376505043905367487e-01
1.553174258249905848e-01
1.631473219641623451e-01
1.408200451458838653e-01
1.628711271336498734e-01
1.635890426609651338e-01
1.583873432428342110e-01
1.621337568003096141e-01
1.603849090707923641e-01
1.635174925292867676e-01
1.619046154406589277e-01
1.621291105411832856e-01
1.599645341995282466e-01
1.359981814275186274e-01
1.617496319852594899e-01
1.598775602736482448e-01
1.371498254105317227e-01
1.625169336786087826e-01
1.309820709742131606e-01
1.636397985545897105e-01
1.624671249809798712e-01
1.624251003451430420e-01
1.298843778153359607e-01
1.635039404066412627e-01
1.623095946383267540e-01
1.632259395119907974e-01
1.608135490717267913e-01
1.579628781891036227e-01
1.617116341383497136e-01
1.615879942141443815e-01
1.629649614907142663e-01
1.545238019364007509e-01
1.426175552952613779e-01
1.621304305725727868e-01
1.595320326589589888e-01
1.366659008252001650e-01
1.625031291008176004e-01
1.623219326235010307e-01
1.578368916229968832e-01
1.602158518909325147e-01
1.607263334540147970e-01
1.336701952035906360e-01
1.632282887201030319e-01
1.637621994813283910e-01
1.621687763147120764e-01
1.600242075882062631e-01
1.625409524968581543e-01
1.378240029118744658e-01
1.615231589798264422e-01
1.618776076168085276e-01
1.350532224117870772e-01
1.567021069950400303e-01
1.398681418309137003e-01
1.362578150001755584e-01
1.628482471628320272e-01
1.634991132111285328e-01
1.628942781791300198e-01
1.543389042743061601e-01
1.635736652184116291e-01
1.522449623104994432e-01
1.261868125347560265e-01
1.226079409808372850e-01
1.347300138559735794e-01
1.608842326457755323e-01
1.622507459802458307e-01
1.425034870727488467e-01
1.622986255326207827e-01
1.618888642140512701e-01
1.335090454213343769e-01
1.619694686493669267e-01
1.329285563986546959e-01
1.564017749762991183e-01
1.615363702165583393e-01
1.622088567441959117e-01
1.600904818182198042e-01
1.619207432393667545e-01
1.625532698371870421e-01
1.600181914163188723e-01
1.623773096747745392e-01
1.608857193817689879e-01
1.609728894206997885e-01
1.621929756309360426e-01
1.227481304008906648e-01
1.625204558215545270e-01
1.618516823485404432e-01
1.615720559210007679e-01
1.620352398489136869e-01
1.615813215453965612e-01
1.621487004189376691e-01
1.619192116495033751e-01
1.620957090708931014e-01
1.299819195241994352e-01
1.618390518088494989e-01
1.634693052341622821e-01
1.603856431212472844e-01
1.285859417202975530e-01
1.309604044862805461e-01
1.500228148524285765e-01
1.577231367819923735e-01
