3.432176536370016295e-01
3.437164040724416392e-01
3.242047842052984130e-01
2.390779295243846136e-01
3.180092200273826331e-01
2.862032330573461292e-01
3.159273777583970211e-01
3.670753517144920153e-01
3.281772181692154677e-01
3.020320893628275494e-01
3.128771687706426996e-01
2.874814434940737851e-01
2.846670357829581000e-01
3.115829281903559900e-01
3.549262367217670966e-01
3.107926923323892643e-01
2.904647580373787563e-01
2.911054408493001233e-01
3.577208781289653028e-01
3.223999895412698602e-01
2.846553341391774850e-01
2.988280967674153965e-01
2.711373186571363614e-01
3.038395961076179597e-01
3.736930485870600949e-01
2.217755004781559180e-01
3.350928720988676224e-01
2.901853197860727596e-01
3.668116525111052018e-01
2.792894570534955601e-01
3.059220353941141113e-01
3.100874076618775343e-01
3.251617829022224182e-01
3.189363128581720885e-01
2.916450428698482700e-01
2.914485243316009000e-01
2.774195431304789516e-01
2.973578086146084209e-01
2.843405817000176916e-01
3.342764040347552812e-01
3.158371999445174771e-01
2.883414670175483696e-01
2.949413230690710597e-01
3.170688604593857596e-01
2.989217807152014239e-01
2.959120444779223535e-01
3.068809481852041166e-01
3.022779116768488095e-01
3.334230249903034626e-01
3.295611209003142528e-01
3.369604701180385353e-01
3.279783772113126217e-01
3.036587597840043617e-01
3.443354861015606172e-01
2.876952573176857486e-01
3.147745892305573445e-01
3.565978927130433740e-01
2.911260678198088203e-01
2.881650769488524055e-01
3.039762535904034224e-01
2.788962292739994298e-01
2.988743746461031692e-01
3.143164960198046032e-01
2.991979395150249910e-01
2.873150601014886063e-01
3.161370302534476928e-01
2.778811001935317382e-01
2.951108253975292528e-01
3.337363698389002598e-01
3.156715827596692225e-01
3.467741944467906956e-01
3.382637605093173350e-01
2.878082245331935463e-01
2.781424096630334408e-01
3.119485191142706282e-01
3.114055895186294554e-01
3.401670653197049199e-01
2.924826075543147663e-01
3.343027608451351051e-01
2.852244362599087868e-01
2.780723601156812053e-01
3.025740867507410448e-01
2.280764536261989661e-01
2.821485939218842942e-01
3.422538987646554509e-01
3.136756980267883521e-01
3.205050470406866636e-01
2.842492942088396535e-01
3.038957625817185759e-01
3.544500239091446514e-01
3.060805312884611884e-01
3.056732429967323750e-01
2.948923266702186963e-01
3.457243174639062500e-01
3.373239511237729471e-01
2.993021785993419948e-01
3.342567519124017839e-01
3.275626231893897788e-01
3.214571648997699982e-01
3.238244655100030456e-01
