2.219750696033437332e-01
2.151275128077432819e-01
2.203199788226256339e-01
1.725619035740219853e-01
1.915040021364286249e-01
1.821197674410105771e-01
2.482977490498772255e-01
2.494320871655163196e-01
2.404977466400140818e-01
2.090931353108359814e-01
1.936793982007592174e-01
2.375231562169120014e-01
2.099952542176618531e-01
2.252008284983146313e-01
2.078617393397096669e-01
2.143887680125218520e-01
2.022236989080900271e-01
2.236482096131018893e-01
2.638659289715302725e-01
2.314773913706426878e-01
1.908369520443182477e-01
2.089348775568159455e-01
2.458268040336299698e-01
2.283459467957082434e-01
2.885194643691516014e-01
2.004635459493745719e-01
2.370518101403719657e-01
2.013006065388733001e-01
2.204436332539824461e-01
2.069025211553497390e-01
2.034026725508483735e-01
2.172633513208037381e-01
2.359550364320233962e-01
2.174738092778343568e-01
2.406570977588289584e-01
2.112446756267240544e-01
1.969183539899908575e-01
1.933776966111283024e-01
2.147225760029528863e-01
2.099005429455917116e-01
2.455646802329772005e-01
2.372280487871926691e-01
1.991148728915664023e-01
2.297347987096852451e-01
1.812493250698883063e-01
2.103118429127057987e-01
2.012604707625419986e-01
1.760275209599921342e-01
2.425335572915029436e-01
2.196727792361247156e-01
2.469534614743874590e-01
1.856701933138660832e-01
2.047683469605642015e-01
2.158885379664040871e-01
2.259181492214250575e-01
2.265318907789815872e-01
2.210116797038669811e-01
1.831796641919730961e-01
2.047322408174136465e-01
1.709745206494472092e-01
1.879512506392859161e-01
1.987256317229542935e-01
2.548957489400082155e-01
2.221770700217407801e-01
2.154638818958632962e-01
2.255700825339465032e-01
1.802680150642272383e-01
2.283088453946466312e-01
2.507992737872790090e-01
2.404939827330247193e-01
2.102999744647392755e-01
2.434878607195559985e-01
2.246867103469663007e-01
2.163673914439718238e-01
2.264101218097156198e-01
2.299535096153851599e-01
2.386340679933133258e-01
2.052491850097096782e-01
2.635705796333502882e-01
1.863391037927027982e-01
1.822434612677260035e-01
1.953744441534026877e-01
2.258226368954064089e-01
2.072208228416958786e-01
2.672762138570364265e-01
2.099442340256353345e-01
2.144738842889023778e-01
2.153568342122622326e-01
2.234693313742883991e-01
2.277277124834686250e-01
1.971076625242038916e-01
2.710363758482984831e-01
2.133097220255600612e-01
1.902084983625314252e-01
2.292298627301189717e-01
2.408289736676569315e-01
2.329474685612116791e-01
2.367948609464840537e-01
2.358672809263183401e-01
1.888334226159603113e-01
