4.149187943976082038e-01
3.893876389888900613e-01
3.677581495468982831e-01
3.179530026039671942e-01
3.849944480502886512e-01
3.190818951870560971e-01
4.028381776577245055e-01
4.313484107287716696e-01
3.914577316566462128e-01
3.373146254320036896e-01
4.097362697500024908e-01
3.846501095440982287e-01
3.310940719708259650e-01
4.369372658657108555e-01
3.416572465127535319e-01
3.577883674586604390e-01
3.326915943457733893e-01
3.760175188825650716e-01
3.971363531543283254e-01
3.823356560293111883e-01
3.354077755204463718e-01
3.749645557618559444e-01
3.416626283978108081e-01
3.799839833924204546e-01
4.645608397732829409e-01
3.284002406741898805e-01
3.881858799245849201e-01
3.536111789017103990e-01
4.272224524894981945e-01
3.606714010982558505e-01
3.555972558003934192e-01
3.470870127671074057e-01
4.030154596743343864e-01
3.412601936893145949e-01
3.228807750328972492e-01
3.441261148191173680e-01
3.991675364016644689e-01
3.610785619732634344e-01
3.225311342348434751e-01
3.695026900986745355e-01
3.760786774993583603e-01
3.455215411195945996e-01
3.252400921553725843e-01
3.439787432201544259e-01
3.459495457656684980e-01
3.310150232131671699e-01
3.582794745424089378e-01
3.599486635597176631e-01
3.538163481435857571e-01
3.841835990946819157e-01
3.881484675461416844e-01
3.419240873218570842e-01
3.398564497823273745e-01
3.884817584272386437e-01
3.330519809945155507e-01
4.186393829813181977e-01
3.622403644745106344e-01
3.871076705586224964e-01
3.657802351533168128e-01
3.383396391517022872e-01
3.562637278298879107e-01
3.529404702717184872e-01
3.895782823836288489e-01
3.774267550901480028e-01
3.033702355872439083e-01
3.466214307326702659e-01
3.498482845126651974e-01
4.374325584050984816e-01
4.107699346654499206e-01
3.505228270951724068e-01
3.911892872087416317e-01
4.011241214618961881e-01
3.428584906655923747e-01
3.669012697985487015e-01
3.593103707559484050e-01
3.636821168887766631e-01
4.579029847257841124e-01
3.416413906950030444e-01
3.947465078787337767e-01
3.448407440656013900e-01
3.544172105392444094e-01
3.168941681825617751e-01
2.955944634991793385e-01
3.450942369479428340e-01
4.017037921844257564e-01
3.786445120939845310e-01
3.921720455643948888e-01
4.080980259915621411e-01
3.775248437598135443e-01
4.058282286992160315e-01
3.660285721718762875e-01
3.779504513868991444e-01
3.660803706980924055e-01
3.887814116848281043e-01
4.166364670079863997e-01
3.563439750313786569e-01
4.040119797426108827e-01
3.834497604834908868e-01
3.624688318955767707e-01
3.706635363456554089e-01
