2.916081204710070929e-01
2.650685546262350201e-01
2.938395148378731836e-01
2.781923276862174332e-01
2.781014960474504361e-01
2.669852266054255074e-01
3.019324211620682541e-01
3.046268807733786277e-01
3.036014310186323506e-01
2.973262343688913845e-01
2.757660848388209796e-01
2.948340678175928042e-01
2.836492699335172452e-01
3.043347974622472862e-01
2.940825560584613974e-01
2.789948030046905392e-01
2.792025241251769319e-01
3.038575980715634284e-01
3.438764168736200277e-01
2.852808373260982133e-01
2.797367175862471855e-01
2.716413770885555135e-01
2.457446025037270942e-01
2.881036323644773356e-01
3.484664376191871638e-01
2.620230343939997653e-01
3.137516049210852254e-01
2.748313616313213248e-01
2.377749697088726577e-01
2.857737146560330177e-01
2.815296110222812453e-01
3.092949450580500526e-01
2.954231730364265673e-01
2.860344058428160863e-01
3.285055963447263694e-01
3.026909415718386787e-01
2.549745077221643452e-01
2.593834048751280097e-01
2.996064513366666904e-01
2.965667479201679613e-01
3.085942559950143882e-01
3.208698788289171544e-01
3.003862318660158182e-01
2.804119734455402524e-01
2.075419978559926437e-01
2.851831423816218458e-01
2.884049661051911184e-01
2.462108918579607175e-01
2.368891162166888720e-01
2.511328880883688663e-01
2.879124848059267383e-01
2.678013314648217125e-01
2.820522519116840376e-01
2.891366849115938886e-01
3.254461048653694011e-01
2.975031188721732889e-01
2.849777093503158554e-01
2.697769017811183501e-01
2.831930842190827358e-01
2.660747392311186843e-01
2.601759320067066894e-01
2.505566470663818102e-01
3.213167402923727822e-01
3.033115410494740538e-01
2.891734682643060661e-01
3.055439520967748179e-01
2.811277725027413465e-01
3.050964313372367953e-01
3.051000492983654833e-01
3.081653938609090759e-01
2.803030625060056735e-01
2.807730725721567233e-01
3.086149096151543647e-01
2.530997919897156612e-01
2.988209385607742963e-01
2.974308467373327769e-01
2.941903303726561836e-01
2.810684021481907324e-01
3.310097403385043324e-01
2.853797230410211605e-01
2.356197203217254565e-01
2.788320548299257351e-01
2.346613577133014328e-01
2.813446210150298832e-01
2.961069997214381688e-01
2.605062529212574529e-01
3.111856870412874621e-01
2.945310835824905826e-01
2.900039912390383612e-01
3.005567046018232658e-01
2.806793040877246237e-01
3.090663540438853829e-01
2.268124977300357559e-01
2.936126256573917126e-01
3.179574377214078318e-01
3.210168819159647802e-01
3.105490595290461009e-01
3.072836172671045696e-01
3.281628632660631983e-01
1.849275406816204559e-01
