3.698610347412373267e-01
3.589613686023622741e-01
3.354675251657089352e-01
3.246327764597064514e-01
3.503438765365995966e-01
3.023264930548523743e-01
3.912236339378273309e-01
4.014125021293400430e-01
3.748980612848097360e-01
3.576175113318645904e-01
3.634494731750856356e-01
4.022348551679291173e-01
3.035173752707403527e-01
3.721762288438813515e-01
3.302951603915414425e-01
3.313363376175174624e-01
3.270363884298922441e-01
3.926860416416819155e-01
3.939057796670218381e-01
3.439007860195332222e-01
3.503453584699107726e-01
3.058373213867434104e-01
3.222208371864979659e-01
3.734363357261584193e-01
4.424762977305852774e-01
3.689459975274769210e-01
3.824223104612680113e-01
3.426467232782512973e-01
3.369654379192317806e-01
3.459720276698559638e-01
3.373333766464760020e-01
3.205587026996198352e-01
4.097520155760964733e-01
3.591609194175396369e-01
3.735639430504595349e-01
3.530649825418852306e-01
3.957916863515881789e-01
3.669181146831688167e-01
3.353776379008721609e-01
3.343959127112604013e-01
3.799413025518086351e-01
3.192764492679762700e-01
3.425160103887631702e-01
3.188652792059448182e-01
2.981568557172967204e-01
3.256980330128707579e-01
3.455498668120615124e-01
3.073427656585541734e-01
3.123130504235381300e-01
3.331674218590987002e-01
3.466261102874764188e-01
3.090499695354158027e-01
3.505215116284508547e-01
3.724750908300407670e-01
3.578575738872713519e-01
4.097389606724675115e-01
3.427784420074874161e-01
4.417931993583483208e-01
3.669828448646726415e-01
3.077280812977324920e-01
3.205933978348775026e-01
3.445520831159251118e-01
4.006154242808593891e-01
3.879355921342421132e-01
2.946899754802145277e-01
3.640987783859759297e-01
3.398249688960586767e-01
3.547342937613055525e-01
3.902525393633655137e-01
3.486480660841843604e-01
3.299099138768809003e-01
3.573994259644588389e-01
3.956549452946659939e-01
3.895021903474930047e-01
3.550342464023122924e-01
3.579730299922451175e-01
3.213872515897290838e-01
3.291610420532799508e-01
3.903646191617250460e-01
3.528612263924398307e-01
3.121819031640264419e-01
3.182706973646250437e-01
2.950942713250079841e-01
3.152206666454173689e-01
3.391449980422471810e-01
3.300524162971517628e-01
3.955896560877185664e-01
4.033358490143215125e-01
3.798488037467183109e-01
3.457282861033446619e-01
3.440759745618508503e-01
3.695431420932925315e-01
3.900949141267481823e-01
3.502125025532614178e-01
3.978615610975183570e-01
3.615911726878491828e-01
3.735721004340609164e-01
3.701793125874255908e-01
3.703735424590418601e-01
3.041316288453208561e-01
