3.435165963213197560e-01
3.060790325343499263e-01
2.715388923065718552e-01
3.204408336630160115e-01
2.813463218122327913e-01
2.930819405135593470e-01
3.448878827705210703e-01
3.581627777867535389e-01
3.216328751187305102e-01
3.226986358746568029e-01
3.198203986891458572e-01
3.647642783559923996e-01
2.967512372586199598e-01
4.662351987896533045e-01
3.068334516238624410e-01
3.139572915848334866e-01
2.656437277282393539e-01
3.324534409867840323e-01
3.690516721676455059e-01
3.029056656844539286e-01
3.014459834375514125e-01
3.904989391068754978e-01
3.118508612082294129e-01
3.347752747034962728e-01
4.076714887150511002e-01
3.696858072897567515e-01
3.151076203783449992e-01
2.715396637042831185e-01
3.236613566037979672e-01
3.039363814743805126e-01
2.632877272823806458e-01
2.731732446243202994e-01
3.652452384711689093e-01
3.073848031615837306e-01
3.170180093212602301e-01
2.877078266046388388e-01
3.542104018868088566e-01
3.164593627123259978e-01
2.711018266048932923e-01
2.564511593537916467e-01
3.213433533319562385e-01
2.925272585703807549e-01
3.261130758910005811e-01
2.859548451656287460e-01
3.146042316190644783e-01
2.693052151267882333e-01
3.291213915799716117e-01
2.613765603154166728e-01
3.483562457206390572e-01
3.070866772597780070e-01
3.102937668573760854e-01
2.724810140470773634e-01
2.848760181519555679e-01
3.176924042062107545e-01
3.076113380900880601e-01
3.486359085784483391e-01
2.931332050395505928e-01
4.186015500037539860e-01
2.976947211093190493e-01
2.297334873333009564e-01
2.925630688855996864e-01
3.029365506700952282e-01
3.420674629335069272e-01
3.201561085719778488e-01
2.534311715207879234e-01
2.940494240121229175e-01
3.295408195359650905e-01
4.755203299194239452e-01
3.477752041248822756e-01
2.881465280535365769e-01
2.646192240458650202e-01
3.291925298732947813e-01
3.264116375867319175e-01
4.252142569498920111e-01
2.988426213057494563e-01
3.096371147282448999e-01
4.437076415009021946e-01
2.740957861288556008e-01
3.387530492286406347e-01
2.713688534398328578e-01
2.853326902927864617e-01
3.040857261339505735e-01
2.984574613156142364e-01
3.630186808130008158e-01
3.273538530561738713e-01
2.954925652160960703e-01
3.184477116385467377e-01
3.486839511266556224e-01
3.305073687418452755e-01
2.824625883305735274e-01
3.046110118022286595e-01
3.365664436435851226e-01
4.015796724499094417e-01
2.693065258925408378e-01
3.262881942842620897e-01
3.100918623747962455e-01
3.619638288489301359e-01
3.250041387733477727e-01
3.015591421771096625e-01
3.017470533309583591e-01
