2.184252939710086550e-01
2.313228538979441862e-01
2.203199788226256339e-01
1.784361497804653474e-01
1.948440826218910960e-01
1.821395951162969318e-01
2.412875052198304449e-01
2.494320871655163196e-01
2.374940445364987496e-01
2.055384720156565870e-01
1.951128268363702678e-01
2.434170389116452060e-01
2.085673163753054560e-01
2.204665241775546902e-01
2.073995022078718442e-01
2.243488537614964640e-01
2.022236989080900271e-01
2.283971023382759813e-01
2.638659289715302725e-01
2.314773913706426878e-01
1.908333402376986843e-01
2.101948264746809070e-01
2.437216387416259733e-01
2.347002257087893451e-01
2.984273363031109128e-01
1.995419350518636004e-01
2.370518101403719657e-01
2.012526894720864934e-01
2.204436332539824461e-01
2.187211112943296676e-01
2.014799572872872646e-01
2.172633513208037381e-01
2.421341860582871264e-01
2.238082624358063155e-01
2.557883211420007852e-01
2.129691215169113860e-01
1.999220255181937966e-01
1.960513565032419581e-01
2.147225759226642772e-01
2.144538665825852786e-01
2.455646802329772005e-01
2.257106457081299034e-01
1.991111680710971332e-01
2.297347987096852451e-01
1.829728854223902912e-01
2.103842923383239805e-01
1.985865516501336137e-01
1.845091413035860328e-01
2.425374108197526635e-01
2.210168134720763011e-01
2.447150426553920677e-01
1.803616159006778963e-01
2.044369236734392137e-01
2.158885379664040871e-01
2.243989544827237337e-01
2.305683296467625210e-01
2.178355923577204589e-01
1.809474350352715255e-01
2.104233766260777960e-01
1.706638234306241397e-01
1.879601355481719527e-01
1.958262622538068654e-01
2.548957489400082155e-01
2.269012342616323896e-01
2.163173138041193933e-01
2.255700825339465032e-01
1.820361594891080070e-01
2.436317685956120582e-01
2.476424040178482888e-01
2.395496342623699704e-01
2.102999744647392755e-01
2.405042771511219091e-01
2.268898595922981265e-01
2.176060253269312683e-01
2.264101218097156198e-01
2.463558978924537679e-01
2.377428782800260765e-01
2.051504709981996633e-01
2.648293378302213896e-01
1.909231076032146812e-01
1.823099179108864376e-01
1.960429762776094709e-01
2.178742614405429490e-01
2.046462813431942918e-01
2.536315981860595703e-01
2.112690678842370773e-01
2.144738842889023778e-01
2.153455411497452732e-01
2.295543063928246752e-01
2.277277124834686250e-01
1.971029027284110779e-01
2.643736698023625986e-01
1.922398810539382996e-01
1.936149775242537729e-01
2.346176600407144097e-01
2.385346190758067808e-01
2.353820310797963278e-01
2.355289181952196220e-01
2.358672809263183401e-01
1.867027557159513240e-01
