3.387017739749880185e-01
3.051579397289225226e-01
2.715388923065718552e-01
3.193568827114793840e-01
2.765053760804430105e-01
2.791848599262682917e-01
3.510947229826126281e-01
3.581627777867535389e-01
3.231482332273805103e-01
3.226997151529956143e-01
3.195172860589659547e-01
3.589704478607864679e-01
2.968487957254708487e-01
4.662328020418451957e-01
3.141412044447158269e-01
3.146150909539486284e-01
2.656437277282393539e-01
3.292859089775228010e-01
3.690516721676455059e-01
3.029056656844539286e-01
3.014459834747491573e-01
3.900890136430605892e-01
3.125449508241524565e-01
3.291039086516087120e-01
4.002227941365892883e-01
3.698045551652189289e-01
3.151076203783449992e-01
2.712978170114012100e-01
3.236613566037979672e-01
3.007511382449049031e-01
2.647957319464180892e-01
2.731732446243202994e-01
3.602410955252744462e-01
3.015695295833210610e-01
2.973783813401865150e-01
2.802189039991292985e-01
3.594709930476061022e-01
3.158555361772643066e-01
2.675176477994075652e-01
2.515334779762771755e-01
3.213433533319562385e-01
2.925272577147285946e-01
3.242985444193430267e-01
2.859548451656287460e-01
3.164443027775581396e-01
2.692960403810054637e-01
3.254715448923489185e-01
2.592490001600415983e-01
3.483562457206832441e-01
3.074895545027697130e-01
3.115739010250117014e-01
2.724809557140777105e-01
2.842644944547651487e-01
3.176924042062107545e-01
3.232179001751317449e-01
3.471146260664457195e-01
2.866016499852898081e-01
4.186021891514082882e-01
2.974442954848035559e-01
2.268960899679453580e-01
2.904914904932590636e-01
3.059341947957608387e-01
3.420674629335069272e-01
3.176526201994081533e-01
2.534296922412326292e-01
2.940494240121229175e-01
3.295258796069173157e-01
4.755335612267721501e-01
3.642985727613520797e-01
2.896978661636248065e-01
2.646192240458650202e-01
3.306574821980494683e-01
3.249481206860382332e-01
4.247434277157151050e-01
2.988426213057494563e-01
3.358044205971543739e-01
4.498659546427003497e-01
3.086197538750624081e-01
3.380983343003738928e-01
2.828897190575101472e-01
2.851671609850224276e-01
3.040857525229938574e-01
2.939093513000315960e-01
3.619605077368059920e-01
3.399549751669674325e-01
3.044234039245645174e-01
3.184477116385467377e-01
3.486461161142018206e-01
3.370281639707614074e-01
2.824625883305735274e-01
3.046031173069410070e-01
3.437616988960031095e-01
3.698752418309244616e-01
2.693065194396849771e-01
3.202272592398172080e-01
3.109029913571656478e-01
3.619638288587091468e-01
3.254603986146897276e-01
3.015591421771096625e-01
3.017470530474744006e-01
