3.387017739749882961e-01
3.354551123348143427e-01
1.159809504959200543e+00
3.193571210469259292e-01
2.734440867452102020e-01
2.857608617742391499e-01
3.568026132341582946e-01
3.651254841905663961e-01
1.189610735027147870e+00
3.320884441380302921e-01
3.242597809191709035e-01
1.236511086512454227e+00
1.295919526360764795e+00
4.772466633996260144e-01
1.077698788424841458e+00
1.169943397669215956e+00
2.656542787771080660e-01
1.203505194955346802e+00
4.107321940465659127e-01
1.039164689227522809e+00
1.057730563308622695e+00
1.233667927471855386e+00
1.114054954363562944e+00
3.294565652014893598e-01
1.140558822545872930e+00
1.197484782840251283e+00
1.044096242166273170e+00
2.812532504516739862e-01
3.235826524342501620e-01
1.094514143421905006e+00
2.816961983072833187e-01
2.732626462420562619e-01
3.652075922561215937e-01
3.056445782987051163e-01
1.096038100008000837e+00
1.132807394100726617e+00
3.608167410118002794e-01
3.412194623682375250e-01
1.114507141103659116e+00
1.050796587430428808e+00
3.266631155154020028e-01
1.147161454267105141e+00
3.456909468387656670e-01
1.141716604769572818e+00
1.169574980431972389e+00
2.693280643072673564e-01
3.326916860319885649e-01
1.237253677686821041e+00
1.150941787301419383e+00
1.133401116680464948e+00
1.096436536035480858e+00
2.751591574534751894e-01
2.846860999504964851e-01
1.125579265853713151e+00
1.319596306978623845e+00
3.508080286455599328e-01
3.015913061893051861e-01
4.212628244211382156e-01
2.974442871673758093e-01
1.176120199266750932e+00
1.144994661989132023e+00
1.173149464409513509e+00
1.063745129559665159e+00
3.192860377689579199e-01
2.701692738231171176e-01
1.164948792150042323e+00
1.233389579956680748e+00
1.199259745725881343e+00
1.274351819811629483e+00
1.041330877353552342e+00
1.182967286349598579e+00
1.222561998707009101e+00
3.250210869031971983e-01
1.403442965726044767e+00
1.085454805139320023e+00
1.182068287240782833e+00
1.334627066539500806e+00
3.086270437367663044e-01
1.180184388452730104e+00
2.957035083386579388e-01
3.132129047326069338e-01
3.300480659657780147e-01
1.149996134918446211e+00
3.725438876883797601e-01
3.399549820687838286e-01
3.287540491248287511e-01
3.235459839167844076e-01
3.486461161142018206e-01
3.443102838576841407e-01
2.824625883305735274e-01
3.046082046136974752e-01
3.458204881147186605e-01
1.252603190832295654e+00
2.717103441387571094e-01
3.202272592398171525e-01
3.108840717947444765e-01
1.130227803701207900e+00
3.355646491387417329e-01
1.127740807788998545e+00
1.220357480711076414e+00
