3.847331751529694532e-01
1.171603103461696049e+00
3.172587982252095262e-01
3.143930291739020499e-01
1.030653850193276044e+00
1.128833915489013684e+00
1.061185793205930317e+00
4.143345930475689221e-01
1.191169059208856407e+00
3.356878966926007402e-01
1.050562263660539841e+00
3.774528664050732507e-01
3.281459776532107964e-01
4.507169345814014960e-01
1.077462704382312841e+00
1.169754959790260784e+00
1.123943166178634101e+00
3.481493804182785312e-01
3.804499749414158027e-01
1.039618665776266049e+00
3.309328324100118124e-01
1.234140737128706533e+00
3.400455506873058531e-01
1.200885141297203029e+00
4.600608113174980973e-01
3.444174855618394870e-01
3.634445362259726697e-01
1.103604752742466166e+00
4.225039209866534029e-01
3.140846267845983641e-01
3.259305974469895451e-01
1.209340391679268656e+00
4.011807899885473927e-01
3.218110927763042639e-01
3.134628963342359076e-01
1.132651771607554592e+00
1.341180387613105207e+00
3.533517760646366912e-01
1.117942721566356212e+00
1.050290593097166436e+00
3.585871303207744387e-01
1.151016832670240575e+00
3.477053018754011626e-01
3.255439164297816990e-01
1.171161493526353903e+00
1.041555191398251701e+00
1.240596569636998048e+00
3.117315774687984264e-01
3.346784528239752365e-01
3.527706974037752019e-01
1.096922308719541217e+00
1.082879793240312249e+00
1.176356314059734842e+00
1.125578348123899231e+00
3.644748424789996388e-01
3.991046993848871849e-01
1.203736962959763401e+00
1.336747233099293330e+00
1.166053210155153286e+00
1.177944030329287406e+00
3.152511727395063135e-01
1.169304546982915527e+00
1.066394243642037276e+00
1.159842852714986439e+00
1.057919980132390192e+00
3.371996674829926266e-01
1.233503680811141479e+00
1.199596272933797225e+00
1.274260900115174344e+00
3.452742614638730223e-01
1.183039606427979784e+00
3.617231018693327638e-01
3.343439149325553861e-01
1.403184973328849727e+00
3.489016657083691686e-01
1.184514854156829777e+00
1.334621919318261130e+00
3.153066447456692178e-01
1.152579857732020097e+00
3.109772923628495445e-01
1.234047549789656806e+00
2.971976107318672344e-01
3.085544822285077315e-01
3.617430634344668272e-01
3.718348304682340122e-01
1.165883088828650438e+00
3.642948714378387298e-01
1.304797085513395904e+00
3.518774861310614566e-01
1.161166025947368174e+00
3.517426927317704455e-01
1.121520802930447980e+00
1.253100840248855041e+00
3.570228781553834163e-01
1.213375081845934345e+00
9.684750659726747424e-01
1.129914433169906696e+00
1.093350867816879513e+00
3.352875406675804859e-01
1.225003599287964651e+00
