1.056514130558527942e+00
1.169873967013053573e+00
1.160749586614094442e+00
3.234738177059323094e-01
1.029743285885694748e+00
1.128335742086814975e+00
1.062865873968957375e+00
1.113953163026629944e+00
3.249865940184997193e-01
3.257778034638536546e-01
3.217349471558522134e-01
1.233005637200508264e+00
1.296388474043128181e+00
1.272537352863021276e+00
3.068334516238627740e-01
1.169758537555227962e+00
2.764026377668908352e-01
3.351407822149144455e-01
4.106712474367005816e-01
3.029056656844539286e-01
3.039394613703160775e-01
1.232208964597685030e+00
3.118508614878199858e-01
1.199005025287674497e+00
4.076714887150511557e-01
1.197519536528187434e+00
3.139198837189454139e-01
1.103618044099742512e+00
1.174103333559662898e+00
3.058293830730584029e-01
1.019903638650885958e+00
1.175979289662018923e+00
3.652429558446030899e-01
1.254350163047377231e+00
3.251299916498865406e-01
2.874825775659083371e-01
1.341669883018223652e+00
3.169501715386939256e-01
2.878304314194407576e-01
1.050379442608408764e+00
3.269823682674199983e-01
2.925272585703807549e-01
1.263778363334801647e+00
3.037240258256455605e-01
1.170986813310410879e+00
2.747078981523068952e-01
3.320277972709467784e-01
2.613765603154165063e-01
3.483562457206390017e-01
1.145216543605266368e+00
3.248519696659482037e-01
1.082265857094427242e+00
1.175894549971294945e+00
3.177602899453976781e-01
1.316615395553210721e+00
3.534085880047547756e-01
2.932730525004183519e-01
1.336744730634463085e+00
1.164264728069732246e+00
1.174305820766310182e+00
2.942523028255797368e-01
1.173528873065881495e+00
3.458636282864123168e-01
1.162165484792839321e+00
2.541463389333995515e-01
2.918602945511116764e-01
1.232952711733358298e+00
4.755203876346122405e-01
1.274517367672206136e+00
2.882745035494633234e-01
1.181065030297105523e+00
1.166500162694106280e+00
1.254704719337641050e+00
4.683080467929158774e-01
1.081613928228444266e+00
3.211428778121759309e-01
4.437076415009020836e-01
2.740957861288558783e-01
3.379397287135734174e-01
2.732412480936968202e-01
3.032449724350028686e-01
3.040857278316789203e-01
1.111257280409505110e+00
3.738908374787356381e-01
3.294514012641305278e-01
3.178598401850761812e-01
3.184477116392299689e-01
6.684785384627019988e-01
3.319582232696410840e-01
1.157138432630271829e+00
1.143125008775460527e+00
1.123270071189202968e+00
1.250367042958700603e+00
2.696498607144191539e-01
1.217110608226994461e+00
9.688889803814080270e-01
3.773582452241083796e-01
3.349967700640646417e-01
1.127809846714968867e+00
3.096770695886391644e-01
