3.698610347412374932e-01
1.171813579549635831e+00
1.160466668193670392e+00
3.180343514695304630e-01
1.022083452015427607e+00
2.891222485441775625e-01
1.062864292912673703e+00
1.110927034017753279e+00
1.188293896890003420e+00
1.112639193904404689e+00
1.046765361341576384e+00
1.221387148558547686e+00
2.947188661186748160e-01
4.201794742355982604e-01
3.165984653865551168e-01
3.264438587799144975e-01
1.124257706023864101e+00
1.203133388435296380e+00
3.932216608660500934e-01
3.349911782642846503e-01
3.420768309599462320e-01
1.231934516015696257e+00
1.117783957375895865e+00
1.200484397547799675e+00
1.141069616190656610e+00
1.194444583771026691e+00
1.048306258944011526e+00
3.388606334912370732e-01
1.175095691908313311e+00
1.094262958796689444e+00
3.373012380621809303e-01
3.210900283968686209e-01
1.107021444558336842e+00
3.521696382861834174e-01
3.713094462992629352e-01
1.126949833122427247e+00
1.342032907197457936e+00
1.354579604095020651e+00
1.118406288929315817e+00
1.050718495739346725e+00
9.748903731273370621e-01
1.145795927418580273e+00
1.263374745527452880e+00
1.141663681738416258e+00
1.171652770921187692e+00
3.226718951342918418e-01
1.244720118165143274e+00
3.058875190628698171e-01
1.150499188962953223e+00
1.144084896993113221e+00
1.094547068505795417e+00
3.084519672717813132e-01
1.175892063430084011e+00
1.125313654777101879e+00
1.322777531818285279e+00
1.069671228911342142e+00
1.171446794956305659e+00
4.239143522696978139e-01
1.168385632861986823e+00
2.964376100989486451e-01
1.145223537978860229e+00
1.173279882768157867e+00
1.066386495516270072e+00
3.873622011950245136e-01
1.059978204160401560e+00
1.182707895225050265e+00
3.386722610624147145e-01
1.195946668902689636e+00
1.274255525952858736e+00
3.486479009767185500e-01
1.183204336462535089e+00
3.564244881681609134e-01
1.250117593332368049e+00
1.403492971374444620e+00
1.085160949070382408e+00
3.459641872079858294e-01
1.334683020654974017e+00
3.294761857377571102e-01
3.876051355313199220e-01
3.421179302629847041e-01
2.964048388661223443e-01
3.284188454518852662e-01
2.950942715623528501e-01
3.351287085643430697e-01
3.391449980422470145e-01
1.167982986721785021e+00
3.908328533426930207e-01
1.301383585747801552e+00
1.084477192986198935e+00
3.458753719653337999e-01
3.404858110119400316e-01
1.120588988680180753e+00
1.252855481442168184e+00
3.493574469527672144e-01
1.213345711580895658e+00
9.675191085141976455e-01
3.694803353723039585e-01
1.093344124194553180e+00
3.701947857122278029e-01
3.262344876025303209e-01
