2.521165660575702128e-01
2.674063740062399552e-01
2.534884572795145230e-01
2.303961578511790620e-01
2.215926695921267842e-01
2.472515174256066650e-01
2.499027613922997493e-01
2.513072439339570918e-01
2.617890545450367590e-01
2.581826572279565801e-01
2.347662734463453194e-01
2.670887882897194920e-01
2.604994743010239366e-01
2.666257269441705824e-01
2.384596017905200038e-01
2.458679813228441813e-01
2.284558591671212724e-01
2.375891894872053101e-01
2.696378643086199123e-01
2.450305262716893084e-01
2.498056438014979730e-01
2.423156382543909526e-01
2.622622929249478485e-01
2.518027728171409185e-01
2.478395774135268015e-01
2.595572492738350556e-01
2.576341963905781629e-01
2.373497117256520850e-01
2.473144546065038085e-01
2.509255651561007050e-01
2.313725448643112192e-01
2.406965004574217470e-01
2.580854466102649458e-01
2.546309769580830662e-01
2.500594600735608353e-01
2.567922883775531906e-01
2.636269901316443676e-01
2.554745150883533378e-01
2.382857494191757131e-01
2.266599690885456875e-01
2.537574409899752137e-01
2.402429802347623988e-01
2.468016737335775590e-01
2.343742285769362943e-01
2.562250835351854161e-01
2.383094434908796522e-01
2.537619909866166701e-01
2.507110284382886856e-01
2.659494320442004067e-01
2.613931849247035921e-01
2.591886949423450881e-01
2.451630615967004823e-01
2.499901251344915087e-01
2.642030932151889222e-01
2.628701855410564003e-01
2.458444720843955267e-01
2.628039978371046193e-01
2.608351120694903380e-01
2.438332605094970518e-01
2.262519139093252807e-01
2.291429030422960644e-01
2.512471889187393725e-01
2.638074752403111733e-01
2.595380486301980261e-01
2.334281919504079539e-01
2.444061222780540832e-01
2.365777885483780762e-01
2.582730707394615410e-01
2.653749354172372787e-01
2.458462989851105951e-01
2.384531858780424285e-01
2.632099309177997060e-01
2.585021750628028747e-01
2.821864497939508554e-01
2.470199160544838402e-01
2.610853943916312536e-01
2.690683629318934567e-01
2.468687404603229774e-01
2.570333549065986767e-01
2.467109230370848061e-01
2.625981678431431598e-01
2.424383449424336034e-01
2.549302767866746811e-01
2.656187143759723424e-01
2.463342621899556883e-01
2.516856194717263517e-01
2.623561721301236882e-01
2.661495819580617095e-01
2.585395265775191076e-01
2.347786086103993142e-01
2.430572230008256063e-01
2.518204041855180986e-01
2.753541051221443103e-01
2.414977913209150062e-01
2.592812574584554275e-01
2.409530842155908070e-01
2.632949973632201512e-01
2.616414942517431008e-01
2.487749597441382965e-01
2.457672163591058945e-01
