2.580083290254601702e-01
7.934950205648230170e-01
2.534884572795145230e-01
7.951829023158198950e-01
7.438954816520213509e-01
2.561540534210773878e-01
2.490195101296422131e-01
7.556814111334394513e-01
7.944012933570081536e-01
2.721568173618488795e-01
2.461063264027784081e-01
7.849960110069195141e-01
2.730376815617394648e-01
8.082430059610118400e-01
2.492171752488772374e-01
8.126970246413302013e-01
2.375694250294979049e-01
2.647056067707019289e-01
3.074275048139211708e-01
7.620934651546635852e-01
7.776361222364960302e-01
2.767237793204991858e-01
2.827981418777946176e-01
2.517192437041598785e-01
2.472313542337489234e-01
2.756769524446365249e-01
2.660551561506805940e-01
7.847509295702064236e-01
7.811389888445461338e-01
7.678443268813198719e-01
7.554142657075425538e-01
8.012449934024090670e-01
7.866454974266021694e-01
2.546313751075811593e-01
2.622723276019519600e-01
2.569794244844594289e-01
8.034793683237230200e-01
8.107873958709822526e-01
2.460283591128141489e-01
2.255478991782934317e-01
2.537618786588732300e-01
2.617223106854042469e-01
2.648627239217229978e-01
2.384237146244450878e-01
2.743018486697827996e-01
2.487418154905106926e-01
8.011149597797727617e-01
2.607126093442000969e-01
8.039252089647884736e-01
7.812450428348478582e-01
2.611939326026517239e-01
2.475374228071567650e-01
2.643320417887820573e-01
2.753539554316842275e-01
8.358363874833547591e-01
7.759703312636850869e-01
2.716442529000114292e-01
7.960445465520604724e-01
7.687943759529641818e-01
2.370267540769965264e-01
7.959210031093852944e-01
7.812381588012509148e-01
7.799224634041771465e-01
2.664218323631343255e-01
2.379492562803896816e-01
8.051232382262939469e-01
7.862951179407643432e-01
7.862235156990907692e-01
2.837758582006761343e-01
2.451569149530576641e-01
7.861313413957297103e-01
2.638874486426371901e-01
2.786215875145975351e-01
2.913732146576063498e-01
2.507829810715070940e-01
2.570750626039863818e-01
7.979923519328870896e-01
7.987921020954380502e-01
8.109876332272335508e-01
7.631999936915225824e-01
2.650395990741603036e-01
2.551453619236339621e-01
2.597091097743690069e-01
8.057421505953363816e-01
2.478504950813775753e-01
2.520829264441878936e-01
2.621060395314577240e-01
8.111662816143975219e-01
8.014097141598113261e-01
2.347724659136818381e-01
7.839238050751886622e-01
7.909382392516095539e-01
2.761608791183449707e-01
2.433790262777021651e-01
2.778571257570802144e-01
7.609457531433997390e-01
2.956434579201885349e-01
7.755085709066676936e-01
7.984980057734624159e-01
8.180634233661406851e-01
