3.145254407147884401e-01
3.142648567995262043e-01
3.190147993936535697e-01
2.738946073642876677e-01
3.280555472210068824e-01
3.072036919469786076e-01
3.138618456824513459e-01
3.164163098593943957e-01
3.359128710947960617e-01
3.168887745703095060e-01
3.093714967813683270e-01
3.090876687805163558e-01
3.164959176878296421e-01
3.172757443610979000e-01
3.140012507068194458e-01
3.124585474652319395e-01
3.067548511167040304e-01
2.980993556931706978e-01
3.221241168604216942e-01
3.066450129698205518e-01
3.103528907808725257e-01
3.125769682955742979e-01
2.496725931783455033e-01
3.147234203759659565e-01
2.890342718874824857e-01
2.361991749237293270e-01
3.467422805779720729e-01
3.085992602157712206e-01
3.307361984235376307e-01
3.152580090839908200e-01
3.062104557703337893e-01
3.078406152930661110e-01
3.321772898998406887e-01
3.042085368741287987e-01
3.163734476974934817e-01
3.161380663565727667e-01
2.534089565070714589e-01
3.154761974933020796e-01
3.111036845102901904e-01
3.094011536168009280e-01
3.175412282960305976e-01
3.056999772797915349e-01
3.062065883441953407e-01
3.145369171009416154e-01
3.137941339813271613e-01
3.308514822904951025e-01
3.159413084923436421e-01
2.954311900447614270e-01
3.167788487327501956e-01
3.168801433725821348e-01
3.064050431977513034e-01
3.153591716521610411e-01
3.049909773644463029e-01
3.176600000088233289e-01
2.815207389441756192e-01
3.149008147064757401e-01
3.179386920473963873e-01
3.316906532027357746e-01
3.146346567787053350e-01
3.108136553805466717e-01
3.088320164902593756e-01
3.124797149147438002e-01
3.161597665948472913e-01
3.045217167602630726e-01
3.040972245494573678e-01
3.186578683756998154e-01
3.110588959305195522e-01
3.144748510940653108e-01
3.246561657861956052e-01
3.142450005775077049e-01
3.115213556522828942e-01
3.023027682532791749e-01
3.145912190394227204e-01
3.190433307871047841e-01
3.163665267263648384e-01
3.133747577527878359e-01
3.081580059496670243e-01
3.151733715514530298e-01
3.157705131608791738e-01
3.133198373251951385e-01
3.160575804186819271e-01
3.129384260164039255e-01
2.350610024063685133e-01
3.109407886295925127e-01
3.218739016701195332e-01
3.175530889325852146e-01
3.228808011960098701e-01
3.170195079938510352e-01
3.123454737054947583e-01
3.230513735901886507e-01
3.108467471141280747e-01
3.088313149418626669e-01
3.189216311251176217e-01
3.332333331984608238e-01
3.166067258737150225e-01
3.127054870044730928e-01
3.161146068112773433e-01
3.152159852230047021e-01
3.129956220882724738e-01
3.209760723922265857e-01
