7.571265254554496726e-01
6.113157023490194408e-01
6.520778648001871458e-01
7.525446178663259822e-01
4.258603175583394185e-01
4.246566219332482128e-01
4.276640134953942352e-01
4.204381228812055227e-01
4.362185454535105200e-01
5.492565516652729851e-01
4.488899192586233156e-01
4.956587335409565198e-01
4.251537207197542689e-01
4.253102130538679582e-01
6.995191853344489008e-01
4.420663234208797032e-01
7.030072288460734731e-01
4.367062674206577122e-01
4.228963208487999670e-01
6.904725244938324513e-01
6.989133450581255236e-01
4.266156542662155604e-01
4.287453884657032033e-01
4.440176956566818656e-01
4.307247387215091816e-01
4.324538645833771455e-01
4.259756037107133020e-01
4.405576053674251091e-01
4.193812035578167730e-01
6.071325225753347876e-01
4.318697727747172754e-01
4.411149044012379061e-01
4.284391109565027778e-01
7.542136971572689363e-01
4.292344882451213928e-01
4.309484687293532734e-01
4.241766516945907339e-01
5.770825056721147206e-01
6.514970224621904338e-01
4.240733883765460677e-01
4.511143763290025310e-01
4.309922000535457709e-01
4.237949915063913831e-01
4.356054227031231907e-01
5.787345427163025358e-01
6.954787937671125242e-01
4.318940984676352124e-01
5.991932221048297258e-01
4.469644615915334684e-01
4.317592159615412650e-01
7.560605405252778244e-01
4.304588925757830142e-01
4.241591754043999574e-01
4.274177398718722598e-01
4.360120339389039201e-01
4.282751070259735449e-01
5.683200232480682956e-01
5.065802018704361753e-01
4.510231637465174637e-01
4.265958501918852286e-01
4.404096499017479682e-01
4.597110986212734063e-01
4.225608796948628898e-01
5.015771383552329876e-01
7.036869832605842090e-01
6.995583241362264282e-01
4.564049192528288890e-01
4.348942570111681283e-01
6.454055909009959180e-01
4.268882708284854055e-01
4.220709543501784955e-01
4.551356467787198157e-01
4.677207902032982090e-01
4.300976291378890703e-01
6.988905340194723204e-01
4.289374926375734143e-01
4.356568918220072861e-01
4.345114446429789723e-01
4.238669098509886823e-01
4.328767967904078029e-01
4.233830633128279897e-01
7.597832668623863972e-01
4.248788947586093490e-01
4.383714877677572508e-01
7.029054423451674971e-01
7.016795163354896392e-01
6.118679699188851462e-01
4.302681633840626518e-01
6.470694464330589701e-01
7.549593368671995153e-01
4.235311773146953063e-01
5.722501756346670687e-01
4.276962976601184074e-01
4.502097059689888492e-01
4.395372968886875342e-01
5.724598097921320683e-01
5.390069144893597786e-01
4.300338048866670926e-01
7.005554939699318862e-01
4.272126781220847436e-01
4.189850988194008807e-01
7.571190215702972015e-01
4.346517597505556996e-01
4.278024661458182387e-01
4.330968617030888645e-01
7.029361365337983836e-01
4.301938406019265582e-01
5.789538821310713512e-01
4.341603808319871582e-01
6.089518447439676851e-01
7.005243792377908729e-01
7.546889051685430339e-01
4.886424018341756215e-01
4.324121123710123471e-01
7.522494838281208462e-01
4.931742075276504544e-01
4.312317503732157609e-01
4.330648002514819739e-01
7.507159274578232289e-01
4.308738668313079612e-01
6.948212272332693340e-01
7.517236052198109642e-01
4.303113106346996286e-01
4.563797180423582733e-01
4.199860491844799038e-01
4.260457864427182328e-01
4.470465423238851321e-01
7.532986826231090616e-01
7.597949429949637512e-01
4.245161711593678500e-01
7.525805533068880004e-01
4.233548691648652551e-01
4.394546198050463537e-01
4.214572062291391252e-01
4.272592057021388223e-01
4.270395618870158616e-01
7.040690280911701127e-01
4.255411642978375042e-01
5.245652201786537017e-01
4.350532921762971794e-01
4.280590853944725160e-01
4.312822957624427578e-01
4.231555229369246551e-01
4.287352915938910658e-01
6.458308360861575448e-01
7.585080948556067737e-01
4.263437952484315785e-01
4.226189584811291255e-01
7.494431183101459837e-01
4.314724682406722578e-01
4.283018657020096209e-01
7.546612835987100976e-01
4.424316543372879829e-01
4.287286016475586603e-01
4.274799784824260818e-01
4.282986505873822014e-01
7.014791723259312661e-01
4.311849827886990449e-01
4.275771978165433529e-01
4.334648716738928598e-01
4.348079047439715183e-01
4.219266011524663296e-01
7.538774521850558630e-01
5.279907343530952923e-01
4.949669262585933427e-01
4.326166238171473832e-01
4.277745435656447048e-01
4.265762820683208223e-01
4.476460701619424665e-01
5.246186045561451738e-01
4.451404038483548486e-01
4.314398172848163959e-01
7.464913049028160108e-01
4.313402958482244198e-01
4.247590726374602665e-01
4.276632763009235449e-01
4.308101484810537007e-01
4.266753935188910551e-01
4.243201590513916432e-01
4.216446736811504947e-01
5.472252024933811354e-01
4.252252393515310036e-01
4.883077714608872744e-01
4.297448704613345272e-01
4.300488730806258930e-01
7.028922586919396087e-01
4.589975150063780873e-01
4.519867032691865516e-01
5.316627771909847588e-01
4.425919505950559607e-01
4.226520538179309727e-01
7.504148620356226873e-01
4.317974383864117138e-01
4.296256179599792779e-01
4.284478315733463716e-01
5.211394068784409583e-01
4.256215470593657790e-01
4.272034160495205568e-01
4.521265211939572426e-01
4.282503425130903540e-01
4.268707290833753665e-01
6.538874103108492930e-01
4.436417457081514026e-01
4.561615276749080850e-01
7.591039874348706196e-01
7.017114740226966241e-01
4.299911298463806597e-01
4.713017340905058528e-01
4.272570970043439997e-01
4.293602265740665835e-01
4.212334923113123519e-01
4.261471633403388637e-01
4.386476401923321000e-01
6.050923595842672142e-01
5.467883644232961471e-01
4.331354390456252923e-01
4.401555008977406924e-01
4.387133937785142046e-01
4.436193353471891698e-01
5.731559001528678809e-01
5.056021994056956181e-01
6.952061772014898056e-01
4.265179810471638744e-01
4.275483901909020168e-01
4.262029244638251280e-01
4.335309319121042337e-01
7.041028525234153124e-01
4.204821138819720971e-01
4.398414828154485479e-01
6.073198165461058950e-01
4.704385472219168030e-01
4.220908430597491434e-01
4.378446941650192548e-01
4.366831906184662215e-01
4.270977733871043069e-01
4.510118556039489079e-01
4.254493128433661231e-01
4.461358064224489883e-01
4.366784774819862935e-01
4.290609360559912155e-01
4.472517602639021761e-01
4.744039354821173449e-01
4.295398125663099642e-01
4.283106982975694033e-01
7.028715103473875958e-01
4.233784886867801300e-01
7.595562557085515643e-01
4.295518031410555659e-01
4.285514840733362640e-01
4.466220314538125180e-01
4.327320489543235449e-01
4.261358149479122504e-01
4.233456224359030684e-01
4.278545091156261693e-01
4.225311182670899446e-01
7.495892268862397456e-01
4.341114772157735890e-01
7.571022507583946570e-01
4.217848055390812090e-01
4.270094064916214460e-01
4.424874729927035233e-01
4.324862178684397707e-01
6.123407354740318942e-01
4.310081848078509137e-01
7.536464641422865318e-01
4.368619110694436092e-01
4.326813622576640150e-01
4.297132647591351828e-01
4.255910647666283353e-01
4.253098076028725694e-01
4.393924641433457623e-01
4.316997919831162545e-01
4.291007279653464290e-01
4.341339750192539926e-01
5.769250360198985295e-01
4.353856157448144915e-01
4.275321543207942776e-01
6.999788772524929703e-01
4.320720128911697544e-01
4.276039457614965733e-01
4.243414555988160863e-01
4.370590626726362227e-01
4.323227317189909380e-01
4.213377196874930619e-01
4.273011235174324352e-01
6.001486714489810970e-01
4.312273393106215713e-01
4.259981431054331025e-01
4.453522626495012293e-01
5.800692301153567154e-01
4.277115911339365306e-01
4.309476364458870168e-01
4.243648639284734458e-01
4.200026394309202549e-01
4.264824620797459942e-01
4.285645789666091554e-01
6.565939216368397169e-01
6.099929090850132463e-01
4.707657382163255577e-01
7.476457160258577206e-01
7.546313301128431128e-01
4.281249742014637261e-01
4.253878854207642224e-01
7.045819742258756513e-01
4.335951275251726522e-01
4.199418800218061021e-01
4.264938987025223560e-01
4.254165881806054594e-01
4.273655595857951406e-01
4.322377234723198125e-01
4.384574487255321618e-01
4.311284827096867889e-01
4.303155265238179927e-01
4.318925385009787510e-01
4.430555329039103096e-01
4.332305736407112695e-01
6.477325624685345007e-01
4.304429978096868115e-01
4.254549722487945274e-01
4.332910619252141049e-01
4.398479701827102128e-01
4.297035090132477753e-01
4.395568196026523600e-01
4.381642555439603792e-01
6.440587691707997386e-01
6.516214298838757246e-01
7.550566943036159939e-01
4.305649736495014146e-01
4.278109296345676271e-01
7.039668423066708369e-01
4.272574829517473138e-01
4.391582523768942647e-01
6.025641609280208977e-01
4.253254344689701427e-01
6.089009211874915062e-01
6.516987242267907599e-01
4.302947286081584277e-01
4.276772610346074588e-01
4.274240775546555571e-01
4.274480163203673300e-01
4.188078399071082925e-01
4.512550045549927336e-01
6.967656571665113985e-01
7.639212748371330131e-01
6.431297093354613192e-01
4.225210194577232459e-01
6.486566750599989106e-01
4.269125003866837131e-01
4.460159918650332123e-01
7.030004330454214800e-01
5.135800617195476203e-01
4.270199849240508549e-01
4.294767451703173644e-01
4.370530657846896649e-01
6.066215032205318769e-01
4.376598275612098021e-01
4.444765817195889812e-01
4.283400980007763814e-01
4.246613109904521233e-01
6.092606955938073554e-01
5.014803835928169917e-01
6.013816776960035915e-01
5.728324713340752217e-01
5.716990335120600841e-01
4.375095674495075859e-01
4.227129808068114114e-01
4.233130553233031557e-01
4.299002275566903286e-01
4.402614651688071534e-01
7.113951159820000036e-01
5.704781071628099998e-01
4.343745713523393670e-01
4.250275035808008806e-01
7.567335359917605198e-01
4.395871970136485118e-01
4.264154440429271942e-01
4.213852746332892862e-01
5.998251580174011055e-01
5.731951044591762079e-01
5.483130233354680527e-01
4.254334467384756069e-01
6.522980377926492768e-01
4.217731173544266299e-01
4.405730625287807567e-01
4.226294597739840841e-01
4.312635342967888197e-01
4.491751779672050748e-01
6.951620739805242088e-01
