2.943152270190152464e-01
2.920679134538740063e-01
2.937360753394256951e-01
2.887110934454623634e-01
2.848401180723553194e-01
2.905321025486684583e-01
2.767723598093758119e-01
2.912588923327875112e-01
2.948431244104550153e-01
2.983358226304963501e-01
2.906704010032135077e-01
2.971891018463124201e-01
2.977128512884514300e-01
3.011835106404289752e-01
2.892631719189546757e-01
2.963787244895491613e-01
2.893559389622900047e-01
2.934397666080848510e-01
3.013518713967906493e-01
2.904438475556641031e-01
2.898169760925635718e-01
2.925565938327035487e-01
2.335635639801729169e-01
2.885127379816290749e-01
2.954637026904476382e-01
2.650207718814982516e-01
3.018818887641176452e-01
2.913690235943258711e-01
2.150334286172177756e-01
2.901505636725750792e-01
2.914775827359040727e-01
2.905360190174597346e-01
2.938190729183989824e-01
2.907990722094947467e-01
2.968059208257571857e-01
2.977938780867068203e-01
2.611641688922134996e-01
2.778327614042269689e-01
2.910381998672214587e-01
2.889913489728378471e-01
2.943209665186944379e-01
2.867532788990930781e-01
2.875983501273027265e-01
2.863954826967856637e-01
2.185217951667457748e-01
2.909457370010852806e-01
2.942650262121059290e-01
2.729136742902089074e-01
2.061456966917994404e-01
2.915066859899618223e-01
2.941767899536318898e-01
2.932654081265951840e-01
2.917999985346040326e-01
2.979369109681110905e-01
2.951395888732180062e-01
2.879963090998046704e-01
2.994014616102826931e-01
2.911462303337166158e-01
2.945392392230828382e-01
2.851556950776747423e-01
2.904092498248983523e-01
2.749169738590182543e-01
2.961185651859327694e-01
2.933102991757977618e-01
2.907663607551688734e-01
2.908434834614913589e-01
2.863353107413637022e-01
2.913868986327248778e-01
2.990231623549811091e-01
2.920447609557949020e-01
2.857817546489544447e-01
2.878085791781318514e-01
2.961752814315981586e-01
2.853910390599905256e-01
2.933557807935635586e-01
2.918865773499494387e-01
2.959112498273659964e-01
2.910872861561707992e-01
2.974955489782369344e-01
2.921941233566139884e-01
2.850661771530583199e-01
2.912744744042273237e-01
2.314457033684215181e-01
2.926794764432633089e-01
2.958964110266349978e-01
2.915347354720687068e-01
2.943125257756031288e-01
2.947868376391586942e-01
2.973108489315116065e-01
2.878165377409042658e-01
2.902501245622072790e-01
2.940647334074715791e-01
2.693147528870711849e-01
2.965284415560139331e-01
2.953756700868036544e-01
2.865914144237505790e-01
2.939143490496553546e-01
2.954927076916903372e-01
2.936873083882678426e-01
1.862225543764770286e-01
