1.826165505707433301e-01
4.560556915241290032e-01
4.418297252900007521e-01
3.898027040377558539e-01
1.849147905752576149e-01
2.837211720727805253e-01
4.313800060819532045e-01
2.020085951464887231e-01
4.433567580567166488e-01
3.476339232106164245e-01
2.079146623660256266e-01
4.424639544161203530e-01
1.990692696222266245e-01
3.841618201425288648e-01
1.989956694268774640e-01
4.369447998952450951e-01
1.906868608610224891e-01
4.471887648619396471e-01
2.087950563278313798e-01
3.850118590912376959e-01
2.066763867867908444e-01
4.359312701523827549e-01
4.430471874634325236e-01
1.764769352461649787e-01
2.634454231660525725e-01
4.391387547626207644e-01
4.160258266963332563e-01
4.243813671713865254e-01
4.487228112004728042e-01
4.472308155558410436e-01
1.814958113253896665e-01
1.918912422647439942e-01
4.148687683614236676e-01
4.365987395948439653e-01
4.436104128365560562e-01
4.482834135749982352e-01
4.414095336720719187e-01
4.431220615466238133e-01
2.175320436646792921e-01
1.861728015270528724e-01
2.117694670221132724e-01
2.027341977930519623e-01
2.429953021017329795e-01
4.370247769829595508e-01
2.168491954395125043e-01
4.191400100046057120e-01
4.532664459731363116e-01
4.032028976673921461e-01
4.563928506874120328e-01
1.915298311352076344e-01
2.015268328714917845e-01
4.368611406631557892e-01
4.359982272883428656e-01
4.435679602390721343e-01
1.851118978339764132e-01
2.040168977445958043e-01
3.650918337206467967e-01
1.863410068005121323e-01
2.927793555237071521e-01
4.465651422194584774e-01
4.258011835691588587e-01
4.470279425275272001e-01
4.311785397487606364e-01
4.309652116348527406e-01
4.356414126883195181e-01
1.863705598889500714e-01
4.440512578363992047e-01
1.884991420563655040e-01
4.545663801271562221e-01
1.866234290826842279e-01
1.929510725467461774e-01
4.094174739567892907e-01
1.900934276126620137e-01
1.872658349414075551e-01
4.318167570487780327e-01
4.498926035335552576e-01
1.990941706093203034e-01
1.808959101668815295e-01
1.927685723496113113e-01
4.266362165726423905e-01
4.412313773929560368e-01
4.500757370383381972e-01
4.392780909832755265e-01
4.497431360567242797e-01
1.900355540543242072e-01
4.322207072516407456e-01
4.305975667635562054e-01
1.846945860049593324e-01
1.854997288762604557e-01
4.307277101487783644e-01
4.255607306663433120e-01
4.258077780895587749e-01
4.287796698581562982e-01
1.866417427112020966e-01
1.972901597533041618e-01
1.983925200789662668e-01
4.225676120578556461e-01
2.055289770324055243e-01
4.589487316397939942e-01
3.557639755108183421e-01
