2.973479297257970444e-01
2.999228975947705877e-01
7.898625407766707296e-01
7.953934029542241158e-01
7.442407876517871390e-01
7.773347748705834448e-01
7.674224187798271979e-01
2.941779629389881245e-01
3.172279981059454301e-01
7.934441483884419055e-01
7.594573110383143755e-01
3.142839229547160773e-01
8.035834765398761625e-01
3.004073701816533659e-01
7.433003504424380292e-01
8.102270086228245960e-01
7.890943596992336939e-01
3.019252567437183954e-01
8.036970742854058214e-01
7.620441288646346845e-01
3.090083375457831627e-01
2.878966985658274469e-01
2.865941212461641241e-01
3.075401447716094583e-01
7.704434655276790611e-01
8.118266489036101152e-01
3.553450148627702032e-01
3.047561065102624145e-01
7.787482070627599340e-01
7.678456325369844571e-01
2.751799756353023874e-01
8.010808057092152490e-01
3.065353281438864541e-01
7.879985148456027932e-01
3.114577851528331776e-01
7.886613369676598317e-01
2.881824804464749867e-01
8.100716213136138766e-01
3.328889498657963131e-01
3.280370792356854803e-01
2.998089846137640957e-01
7.826556558166931632e-01
3.157537156134201939e-01
3.060062660768066989e-01
8.249545342415396387e-01
7.752521869525313969e-01
8.020255256537123234e-01
7.940775831028810128e-01
2.989473232332244823e-01
7.793919272709405321e-01
3.106187213833041527e-01
7.817746067433045676e-01
2.921284892404371059e-01
3.304901089473977205e-01
2.858352437860570139e-01
2.962981455060658131e-01
7.858654924211894155e-01
3.132193510701224981e-01
7.713486602310166695e-01
7.862568403550856955e-01
7.952100234491895625e-01
7.809077222145934805e-01
3.226325386385400784e-01
7.713097315649273256e-01
2.829627497838778649e-01
8.028739806981169957e-01
2.953978431806453808e-01
7.865023710025473846e-01
8.150137436096920318e-01
2.883918150300933125e-01
7.861521627552349178e-01
3.040121429904265038e-01
3.023457574348398236e-01
8.120578969494569588e-01
3.179185488131135995e-01
2.971847460082253645e-01
3.284465778062168329e-01
7.991337074715140210e-01
2.958231989419507491e-01
3.166333133959904900e-01
7.855659545353846918e-01
2.896217221412977216e-01
7.676534801328608326e-01
8.059755947664904996e-01
7.912746552760070440e-01
7.837159103304548458e-01
3.244438567470495083e-01
8.124670189574660917e-01
2.980082668307518778e-01
7.831122928845177800e-01
7.863972062230507598e-01
7.859481518513886655e-01
8.212420057162622689e-01
2.988584522375115626e-01
3.080370648477319118e-01
2.839565869686689337e-01
3.125578705240592559e-01
7.711795071182976358e-01
7.959316762814849788e-01
3.542222207244335452e-01
