3.483044275943653068e-01
3.556378289472157950e-01
3.484850328939860242e-01
3.056935956744827321e-01
3.509937243694635778e-01
3.437918646092177344e-01
3.452838527972620364e-01
3.435586153191429459e-01
3.733034438676269828e-01
3.505417227381851242e-01
3.344690163117996495e-01
3.492954226047443878e-01
3.515738290396313026e-01
3.544805969196883622e-01
3.394779184908973679e-01
3.422086644232942287e-01
3.279995088003826997e-01
3.272783133967216429e-01
3.572151828935671292e-01
3.358753490945716735e-01
3.464118363366224806e-01
3.416881232742043362e-01
2.917612295701749736e-01
3.476035803729142226e-01
3.174581381578830963e-01
2.865888877052749639e-01
3.728439001898042338e-01
3.378503149467497746e-01
3.599733261820223240e-01
3.433219883642699699e-01
3.313333179700111430e-01
3.358702808022553388e-01
3.683713565990355265e-01
3.419737743786425144e-01
3.435842236876450739e-01
3.473615471563534229e-01
3.029560641201283766e-01
3.535342875566976906e-01
3.403521806532176508e-01
3.326010337419556540e-01
3.453844941015104530e-01
3.393941051302851730e-01
3.450810096382714298e-01
3.369091454937814256e-01
3.525036831362417522e-01
3.540765798803440223e-01
3.507856491156097212e-01
3.294465743840829242e-01
3.540336547145194745e-01
3.533837190314113585e-01
3.414682608340482428e-01
3.431988227519464085e-01
3.396697349862211057e-01
3.531278727526783179e-01
3.254053966260486153e-01
3.443051765276641807e-01
3.533306148556121240e-01
3.712465150304964934e-01
3.437169271852015262e-01
3.363012815537247957e-01
3.324617539275779854e-01
3.454446996574571660e-01
3.518156416264041075e-01
3.432609508805413712e-01
3.308265023978844699e-01
3.432483494617262765e-01
3.449338247332893737e-01
3.542821892774624115e-01
3.599322303687454983e-01
3.455246688038869363e-01
3.380397431349533854e-01
3.455547802858007223e-01
3.502081401766168334e-01
3.678743784062658007e-01
3.447843237334477506e-01
3.500403804734961155e-01
3.513837947589735222e-01
3.464709021971975611e-01
3.522745907724746384e-01
3.442889675766203084e-01
3.563456205898815621e-01
3.444135149477363100e-01
2.782525076166878497e-01
3.548391619362939453e-01
3.461451146849096050e-01
3.461125899033392628e-01
3.578073561028426997e-01
3.567699971460610575e-01
3.433967790906485851e-01
3.465680751769261159e-01
3.393861107265785937e-01
3.398310286452279616e-01
3.630268053819260543e-01
3.593178151441007162e-01
3.522942954443584740e-01
3.362489989684985803e-01
3.586272964816957232e-01
3.510303961393314021e-01
3.401727540893497714e-01
3.588107488157450953e-01
