3.307573522561920165e-01
3.353087800604722113e-01
3.262695861196086011e-01
3.200309620936126476e-01
3.124313927439431593e-01
3.280875228260185517e-01
3.145215170527006499e-01
3.215129186295771491e-01
3.343382908891085470e-01
3.331381610851164021e-01
3.167453666647749855e-01
3.405607084581997457e-01
3.359801935224401293e-01
3.421789958512638230e-01
3.183194615028099861e-01
3.269332132074361796e-01
3.132046273678900650e-01
3.249015219982880898e-01
3.388283532862996772e-01
3.226593803781086511e-01
3.285666326749944743e-01
3.216884168234425689e-01
2.786339813630488993e-01
3.252346012795174768e-01
3.247357158238949881e-01
3.134038597882702337e-01
3.316906490779076289e-01
3.207285773424450315e-01
2.614920920460656606e-01
3.222731287672115918e-01
3.182480439855394638e-01
3.217839311701249372e-01
3.342112472099823539e-01
3.300425234028675492e-01
3.267344361324041602e-01
3.307851707116868933e-01
3.138425904493114538e-01
3.217550399458521393e-01
3.239859223794633869e-01
3.122154016416885391e-01
3.269434163817581118e-01
3.217234748601092154e-01
3.276412772134693063e-01
3.098626506074158016e-01
2.793517319160232493e-01
3.176151239465608844e-01
3.317971639442838794e-01
3.094765363195721153e-01
2.634925899530192184e-01
3.294324210883342041e-01
3.304373517603332311e-01
3.231833346374382021e-01
3.259047163239216505e-01
3.343763379452885931e-01
3.349640827373389085e-01
3.218847049855467768e-01
3.359576773864068056e-01
3.371151394411726065e-01
3.264148310942533437e-01
3.142252719326188992e-01
3.163540981741030933e-01
3.133519226292758586e-01
3.346823830706653902e-01
3.336100786752625447e-01
3.185995588722365102e-01
3.188476837690245036e-01
3.189896405826710968e-01
3.300666710910004631e-01
3.373924201209849705e-01
3.243299912773020544e-01
3.148746553475781917e-01
3.333150972132652989e-01
3.340125237522188484e-01
3.428129545566244718e-01
3.259636133914685097e-01
3.315958497165983898e-01
3.390436803548382838e-01
3.235721559359673871e-01
3.342940826484014361e-01
3.246961944957286184e-01
3.312159866375247175e-01
3.256988675225647167e-01
2.739767513442267211e-01
3.375557105623354093e-01
3.238653734478583179e-01
3.244860008503925863e-01
3.320819851013565582e-01
3.364142106577040492e-01
3.320653130507971729e-01
3.162303493456538050e-01
3.206939943057521281e-01
3.246680235922482782e-01
3.239492753773409173e-01
3.271314331140846576e-01
3.328080185179836392e-01
3.111575885764670812e-01
3.368861741929763398e-01
3.344136930846157707e-01
3.233717845383923262e-01
2.486890914558688992e-01
