2.029360917114585439e-01
2.015069626677713222e-01
2.079258283027240195e-01
1.825397722295222513e-01
1.798954738478768522e-01
1.899445806556888938e-01
1.992457709482502171e-01
2.085326153271178373e-01
2.023280790568806609e-01
2.081841037767819813e-01
1.940444030198661685e-01
2.063157829130120302e-01
2.039719762063394726e-01
2.069386966628203872e-01
1.946668124759679541e-01
2.018016629635438208e-01
1.953083391669663826e-01
1.956881627210410313e-01
2.144006916005630758e-01
1.994534318492569847e-01
1.916893658862654504e-01
1.991794290371518006e-01
2.131970281417512880e-01
2.000928099122581127e-01
2.048017303450851423e-01
1.985335837186404662e-01
2.155478140451543845e-01
1.941271984455214816e-01
1.980142069627680024e-01
1.983623148035758565e-01
1.897697882495360255e-01
1.964256159401326640e-01
1.979390733651704704e-01
1.996350273991140956e-01
2.057593339529926457e-01
2.081052285225818699e-01
1.979966977224591473e-01
1.956090234203798628e-01
1.894228147439858123e-01
1.883333071649909984e-01
2.095702244906256784e-01
1.892084718190607251e-01
1.845124130041656818e-01
1.984283938949089610e-01
1.901990753391200051e-01
1.975304700327597807e-01
1.993162235671233906e-01
1.982081883180218385e-01
2.063661051049290041e-01
2.076907404230284304e-01
2.067437787174431219e-01
1.996868762276691467e-01
1.975294668662040398e-01
2.117375946705297995e-01
2.046707054363581801e-01
1.979271483166187562e-01
2.110800874040555386e-01
1.923898567110818025e-01
1.983451783641471677e-01
1.833663180823780769e-01
1.890270201352359236e-01
1.993471995486010839e-01
2.082897929964918071e-01
2.020874979912463121e-01
1.890408495343992024e-01
2.038097176579822534e-01
1.817928552792933417e-01
1.967569043991145017e-01
2.112858488700602722e-01
1.965222818950288497e-01
1.959303443943228029e-01
1.984957421468936389e-01
2.045724859199048729e-01
2.066676134193009828e-01
2.009482779751310122e-01
1.982718287142267166e-01
2.056068310683864808e-01
1.967309333901717805e-01
2.037809178309297475e-01
1.984764376517441087e-01
1.998107521291955790e-01
1.918299336386133092e-01
2.049257794529390220e-01
2.002828537282558830e-01
2.088052680094143465e-01
2.056543089423931159e-01
2.083445832887014515e-01
2.038019597466814159e-01
2.058338654031005577e-01
1.926955634973562259e-01
1.975006979021768638e-01
2.040527786153529810e-01
2.086915284443693064e-01
1.959821960136446939e-01
2.036514595845569653e-01
2.034521673131603481e-01
1.974174941068382039e-01
2.051487431926318772e-01
2.041800916470787597e-01
1.833171203850930409e-01
