2.834120259419509735e-01
2.916737046854783189e-01
2.904253745092273409e-01
2.447579469738291047e-01
2.809141292205645790e-01
2.840201730547198822e-01
2.446688931756213770e-01
2.904455361368237232e-01
2.855902806760258761e-01
2.826003863146654416e-01
2.440104025544875266e-01
2.863180904560018170e-01
2.800396798862287429e-01
2.846830349143137928e-01
2.756453408499872082e-01
2.767751088435648210e-01
2.879265001051767303e-01
2.627876281387901969e-01
2.907918795708252513e-01
2.812460302719519412e-01
2.854669207962133859e-01
2.923551583356765460e-01
2.132629927579123286e-01
2.817328160909288171e-01
2.638429346123465358e-01
2.114227311675453136e-01
2.837356418891470722e-01
2.813190610830361149e-01
2.433756959337085857e-01
2.852168924185282117e-01
2.840910029547736859e-01
2.844260764792469476e-01
2.785151485498985613e-01
2.881449319583728741e-01
2.825512416512563907e-01
2.918538698055948011e-01
2.036230134287285998e-01
2.870409030586844046e-01
2.896409654054420413e-01
2.269946214499598824e-01
2.811990063137256302e-01
2.779983250117172289e-01
2.807529903210695399e-01
2.804209076732692152e-01
2.952566302202509485e-01
2.714270687490538680e-01
2.798053889905448566e-01
1.760412830817751906e-01
2.823208178689065595e-01
2.854075491356436456e-01
2.946454745010658183e-01
2.819649809058152878e-01
2.839767853003311027e-01
2.857740422173010164e-01
2.561582480523542094e-01
2.849835610349291115e-01
2.851064733997985545e-01
2.825719449442004039e-01
2.823345168420337004e-01
2.888692817113353017e-01
2.851252536165075346e-01
2.776124567050530789e-01
2.924554569543286187e-01
2.904741121245013602e-01
2.852319559833735307e-01
2.832664831674457373e-01
2.827125275077710387e-01
2.873963250998434193e-01
2.917546816247337249e-01
2.865811750231023747e-01
2.798777787437299880e-01
2.871410145361695254e-01
2.869968285400632535e-01
2.867483058321196876e-01
2.843019700743259492e-01
2.869484313296576938e-01
2.957223563575534508e-01
2.846073783110313893e-01
2.791194095808721687e-01
2.844234417088217781e-01
2.880692396934522725e-01
2.912539462473383578e-01
2.076237282932225370e-01
2.920435603144893588e-01
2.867237827144576978e-01
2.853315858311059050e-01
2.848118204602814174e-01
2.852926900585822101e-01
2.873604063927186480e-01
2.716110417167049706e-01
2.851945275971253801e-01
2.805744691025556237e-01
2.856214754852157700e-01
2.762772683072425295e-01
2.910887356078230570e-01
2.886929673772178351e-01
2.787031891827317920e-01
2.817296620964364617e-01
2.875152184041945835e-01
3.214149552253228181e-01
