7.639772492054140995e-01
2.671804547579450517e-01
2.649251286628038771e-01
7.944543982779631586e-01
2.216162029392972355e-01
7.821452424335179066e-01
7.603188787090147116e-01
2.640376984170596519e-01
2.755481959343267229e-01
7.925594841279044456e-01
2.473058192294752267e-01
2.672678751733100211e-01
2.710842371232699555e-01
2.818142324058961479e-01
2.384596017905200038e-01
8.119008282630786333e-01
7.899125347659290419e-01
2.512525515383302044e-01
2.873937539729729540e-01
7.596093658796656545e-01
2.498786692523426167e-01
2.625882162843642398e-01
2.622625251040218153e-01
2.794382357441799747e-01
7.704755188586523973e-01
2.617017782355282041e-01
2.605467066469497328e-01
7.849722849240439171e-01
7.787076680612338153e-01
2.509255651561007050e-01
7.530200390713530645e-01
7.961188251133628491e-01
2.658604165379021000e-01
7.854995806212747844e-01
7.842775420890679694e-01
7.886399464326971920e-01
8.036016628266390294e-01
8.121263025266852731e-01
7.770158139033330746e-01
7.759530626441293322e-01
7.559841397286002351e-01
7.854630835260678623e-01
2.468016737335775590e-01
2.345173708124279333e-01
3.069010600472564243e-01
7.727309274296282338e-01
2.645588840096622096e-01
7.965108356096533004e-01
2.656972655756716373e-01
2.603224297846633006e-01
2.596000695993071483e-01
7.842910430596305993e-01
2.641356572163016669e-01
2.639886850210582114e-01
8.330268013738076904e-01
7.780541146342364600e-01
7.835774437768553424e-01
2.607796817261459621e-01
2.439297975538604057e-01
2.266127435265377077e-01
2.353671693690700117e-01
7.800106605048512387e-01
7.788163116739426073e-01
2.595084074373288918e-01
2.495259042625009860e-01
8.052226216483338028e-01
2.363957182915965849e-01
2.709132447417169076e-01
2.808254408716668871e-01
2.458464285868555976e-01
2.530387544933208055e-01
7.747807012715346442e-01
8.489352116716042396e-01
8.139992078978010026e-01
2.536128589541297718e-01
7.704863236610924870e-01
2.690683629318934567e-01
2.468106629042761957e-01
8.082106833712456861e-01
7.658376578496784992e-01
8.047742078435463631e-01
7.805225783378706428e-01
2.548751495001566614e-01
8.057472161775729447e-01
7.884979086278098848e-01
7.822917995912906930e-01
7.771118682975038938e-01
2.661750554684149672e-01
7.991988048491392993e-01
7.830932555467351452e-01
7.851615314470222762e-01
2.516991775919222296e-01
8.206161609296616088e-01
7.791171823253207895e-01
8.101837866476235828e-01
2.409530842155908070e-01
2.633046471202452055e-01
7.753626925005689952e-01
2.487771116634688584e-01
8.171066285087592584e-01
