5.200371489838117034e-01
5.216995802744630595e-01
5.204069960753524571e-01
5.182357511521085147e-01
5.520469807128874917e-01
5.107265965172821387e-01
7.705909828433281650e-01
6.725992223149277471e-01
5.134573041246357494e-01
5.154904649131751837e-01
5.203625754640384127e-01
5.200580721829803910e-01
5.181817528354141222e-01
5.225389794604494709e-01
5.063232265558919032e-01
5.133263516269609417e-01
5.193029515086814429e-01
5.102757826909558592e-01
5.249884175089967187e-01
7.700959955136825741e-01
6.116820349354751274e-01
5.141664582464680056e-01
5.784801609273076961e-01
5.222713785718315904e-01
5.121151875375498097e-01
5.254746788283883863e-01
5.070629395296936126e-01
5.130189997720243644e-01
5.196510323262261144e-01
5.266982150267646157e-01
6.670193783956815947e-01
5.312025424910956639e-01
5.221261395211406198e-01
5.133707413676120712e-01
5.190237234671357669e-01
5.164623882257830534e-01
5.104708599450831219e-01
5.118101257074136878e-01
5.141343226096219965e-01
5.239908505988988274e-01
5.247026782645880516e-01
6.391411851516752840e-01
5.215111484751231430e-01
5.156809472103903724e-01
6.683544601653219619e-01
6.405735601885559349e-01
5.071533462872074294e-01
5.305800218012990399e-01
5.180147257092975188e-01
5.204730350005245532e-01
5.629209434114555988e-01
5.135081203312450437e-01
6.706474607518140285e-01
5.126947461128794625e-01
5.177942396941753733e-01
5.218291250720246133e-01
5.178498508028801517e-01
5.182363814685718717e-01
6.103716107149684822e-01
5.235659177740965564e-01
5.194141830158011119e-01
6.400286205557623731e-01
5.303208433590347326e-01
5.162014199511718582e-01
5.032817462191141455e-01
5.177083524100954959e-01
6.300307001523344219e-01
7.694700087972013991e-01
6.361561931473876941e-01
6.120570899234304418e-01
5.150454437017681908e-01
5.107905076886141149e-01
5.128301547924831727e-01
6.368619113727848058e-01
5.179917821226521779e-01
5.266066071305007812e-01
5.284169333772408272e-01
5.233197518982717344e-01
5.174471711776538196e-01
5.166788026859432392e-01
5.154995513699198728e-01
5.114817409795517911e-01
5.537986953205443763e-01
5.043265859578660582e-01
7.742747194983571335e-01
6.092505286572237333e-01
5.174089394162110223e-01
5.297721543211107997e-01
5.206708224290798048e-01
5.229841978965652505e-01
5.849994646155705080e-01
5.196607654562455103e-01
5.093593384839747440e-01
6.333898529679382605e-01
5.110827418374235265e-01
6.309970879109879638e-01
5.102666743366871538e-01
5.292439957645100890e-01
5.204577870701557751e-01
5.159025723874279823e-01
7.113560847634663453e-01
5.295019408361182345e-01
5.170023676348985964e-01
5.251881604370798318e-01
5.241665348263032653e-01
5.122005917149734522e-01
5.424519897490838183e-01
5.161109474704925759e-01
5.037771804803113929e-01
7.678865456791647004e-01
5.136767776312265443e-01
5.289317757288941602e-01
5.315349632356443088e-01
5.125619375882510820e-01
5.134085641419067203e-01
7.735179023063147863e-01
5.212170292830918816e-01
6.370047608363400560e-01
5.296929211835358364e-01
6.341304589047731533e-01
7.082095284636881205e-01
5.173710345316736570e-01
5.064596961173659651e-01
5.166957746502311988e-01
5.165094356114582341e-01
5.140403325869590256e-01
5.154607297224624851e-01
5.135411364528109646e-01
5.110637233850405803e-01
5.150617800043895134e-01
5.180708067674373307e-01
5.203886261328610763e-01
5.016199403499239651e-01
5.173646260395384777e-01
5.273608499889875789e-01
5.094751665704676524e-01
6.365113122664179945e-01
5.186734446952095956e-01
5.146746000736366344e-01
5.123099486207707276e-01
5.148489975577782429e-01
5.128107430384437615e-01
5.133225574222617382e-01
7.669051665560364661e-01
5.159050847827373332e-01
5.103675127171855008e-01
5.199379738246099336e-01
5.241333636176626065e-01
5.048144528689839650e-01
5.188372424348154377e-01
5.662798648606330865e-01
7.034915536183926621e-01
5.173869437161894291e-01
5.203341889369580420e-01
5.124668016391870085e-01
5.334935054578648916e-01
5.093079825004901418e-01
7.059044667712267573e-01
5.149204819769395147e-01
5.394825148563139328e-01
7.702942227358469118e-01
5.284182177937770675e-01
5.377720298378707575e-01
6.702829175067356315e-01
5.727813387612584739e-01
5.186112620035286946e-01
5.161855792180060076e-01
5.257318159096981969e-01
6.700250955779829543e-01
5.315541546916073834e-01
5.115902364203533947e-01
5.253490180954462074e-01
5.174999728144468181e-01
6.662392177363709589e-01
5.203430158939685857e-01
5.157635485840861289e-01
5.214720557851441063e-01
5.192187165007173810e-01
5.188366886908327702e-01
5.843318347055839190e-01
5.826041654088024435e-01
5.637745703389424046e-01
5.111501605020078998e-01
6.376045971410261304e-01
5.161835462608227454e-01
5.173973165117573547e-01
5.478623187988319598e-01
7.785052387642327210e-01
5.068962925769562311e-01
5.269795019151640725e-01
5.263360130241150348e-01
6.393072977559348669e-01
5.202899281619702831e-01
5.049653701469790645e-01
5.219922733448792984e-01
6.399393903269756656e-01
5.195839823779984101e-01
5.171507073793382148e-01
5.142891436194005905e-01
5.138498432515226089e-01
5.226795921783952137e-01
5.153014386441505668e-01
5.190267838602364847e-01
5.194051717172605276e-01
5.303658044366468260e-01
5.155281250167501605e-01
5.113078125759498160e-01
5.185910452238241541e-01
5.252630237895197229e-01
5.293206156555684272e-01
7.659644852793439096e-01
5.233739373389523220e-01
5.330413386972344680e-01
