4.459498463224045861e-01
4.446057239524671134e-01
4.394050565825166621e-01
4.405848996812014029e-01
4.901481080398636392e-01
4.320822739669556989e-01
7.511408511288492074e-01
6.407994147680993180e-01
4.328661629017743762e-01
4.384521725949882542e-01
4.477382183888529155e-01
4.478990922420478249e-01
4.383570187139073648e-01
4.477005770749433178e-01
4.270758188471496797e-01
4.263090885797469753e-01
4.463672797306328377e-01
4.298375949858698197e-01
4.502870547671268819e-01
7.517212600255895882e-01
5.676304997048557954e-01
4.379826693149477812e-01
5.269400344010761739e-01
4.453231899926502479e-01
4.300646184316561094e-01
4.510042633626880071e-01
4.294984205327179727e-01
4.342216080963677838e-01
4.455116868177771972e-01
4.518189700004935916e-01
6.357358318861037194e-01
4.610979409600218237e-01
4.545516312774346424e-01
4.326362501587702747e-01
4.466108540478354039e-01
4.376849713312792600e-01
4.306748196033592380e-01
4.347236227582893520e-01
4.372486637593892000e-01
4.519488173929432362e-01
4.491761069669566453e-01
6.023695300106310935e-01
4.463479345136052157e-01
4.374844557332760453e-01
6.361013731167438623e-01
6.038286646906239064e-01
4.276007730323880263e-01
4.617666043589715996e-01
4.410751199220981911e-01
4.484160989872491010e-01
5.073898489913815091e-01
4.388485904164517448e-01
6.386044588620785056e-01
4.270829670860091798e-01
4.406631782689062748e-01
4.442061848410099323e-01
4.406701777650667839e-01
4.365155827083708195e-01
5.680032438988913412e-01
4.501407111466516620e-01
4.411257568256417572e-01
6.037210645417974142e-01
4.612926077632781285e-01
4.418164311524661603e-01
4.206700264285846980e-01
4.421108149474121674e-01
5.934443197312301299e-01
7.495832406411917503e-01
5.978637557383100765e-01
5.688754017317584344e-01
4.357681117437384177e-01
4.262003663797053754e-01
4.363251018048043273e-01
6.001571393535982679e-01
4.409319028579204436e-01
4.558457773408988722e-01
4.582097777826623086e-01
4.484852901156284877e-01
4.422276095912157090e-01
4.426543520005841170e-01
4.386519273817776066e-01
4.292487137507572936e-01
4.941873174817232872e-01
4.199157110951398653e-01
7.559775845953911055e-01
5.672442213688697610e-01
4.406084712765190869e-01
4.600118615219304652e-01
4.449320783002817525e-01
4.475644942606110122e-01
5.368643048645435067e-01
4.411769358481723025e-01
4.287658710096307613e-01
5.952977849375341579e-01
4.276147765030428038e-01
5.936313205471552834e-01
4.283718110924065181e-01
4.571785258365119731e-01
4.425218440488004612e-01
4.342752076995159416e-01
6.854644241237906055e-01
4.618977798171579607e-01
4.389760808358369459e-01
4.547971329494543968e-01
4.513667248576450630e-01
4.348694127795164621e-01
4.776617619116527713e-01
4.356394797876357861e-01
4.230811593789484681e-01
7.483413877119001745e-01
4.319063492126926085e-01
4.604088542435551545e-01
4.628884016870952745e-01
4.270774737119283349e-01
4.299679582637944142e-01
7.540039724169188551e-01
4.440802310405044806e-01
5.988827882508163114e-01
4.610364262861191831e-01
5.963372979404200080e-01
6.825521674052930088e-01
4.407594938826657760e-01
4.232786916348166284e-01
4.414993936650942752e-01
4.355762534995946123e-01
4.374351336863668838e-01
4.360752852215500353e-01
4.357377584455803810e-01
4.310347632020885000e-01
4.354711812781639213e-01
4.465313304967666874e-01
4.397640853039661013e-01
4.168508878931334038e-01
4.387554330078575759e-01
4.552338167131707580e-01
4.314403905759057190e-01
5.985525421001396396e-01
4.413520499232506111e-01
4.364969918292280204e-01
4.330891062888585497e-01
4.396414013306711999e-01
4.265670888783775205e-01
4.347728348598280390e-01
7.483458524362681663e-01
4.349508717327303930e-01
4.290489733903625758e-01
4.437161880872479980e-01
4.548951352774170398e-01
4.226235351990590972e-01
4.402063141072830033e-01
5.117394135204247352e-01
6.775339129340571809e-01
4.423005922967506720e-01
4.429123173301956484e-01
4.289033530026208352e-01
4.654786653907663774e-01
4.304083767226611346e-01
6.796234812351221732e-01
4.415681897258684208e-01
4.745555824272045253e-01
7.512368612652220445e-01
4.574693282120384508e-01
4.700535425418034818e-01
6.374478852375244919e-01
5.182988061852369377e-01
4.363533273844069083e-01
4.387200923058044433e-01
4.546738912314301495e-01
6.377022548229904775e-01
4.574038936741488537e-01
4.279148023210489482e-01
4.473231648429220053e-01
4.407271189099604691e-01
6.346058697550971406e-01
4.447171739691387904e-01
4.382504285052400972e-01
4.464904184421394917e-01
4.426020906128773635e-01
4.355208641346186571e-01
5.334038658887058082e-01
5.320158660694417341e-01
5.084129956461910238e-01
4.317641929123541833e-01
6.000748244315997626e-01
4.374530790687242710e-01
4.421589710834956666e-01
4.852191024272684561e-01
7.604257775736406044e-01
4.241912200089592022e-01
4.562337812404269610e-01
4.533693025912503005e-01
5.998078775232926763e-01
4.381282610678488565e-01
4.211432624044357254e-01
4.472282647627683905e-01
6.023084737610532313e-01
4.426429269092581609e-01
4.403522112140996203e-01
4.359887524623793920e-01
4.350954592368548868e-01
4.488605636789919640e-01
4.372355081725578518e-01
4.394505719853916137e-01
4.423293292536496502e-01
4.598596139330846100e-01
4.369838744622817628e-01
4.275127911125787827e-01
4.402872981617676484e-01
4.526155357699003234e-01
4.606597831818203259e-01
7.457790938913368972e-01
4.496507462322202886e-01
4.641852830898923199e-01
