2.548218497613432554e-01
2.650158953466391076e-01
2.534884572795145230e-01
2.298926581448788864e-01
2.217961763640169670e-01
2.470623438983258480e-01
2.490193772818811990e-01
2.513072439339570918e-01
2.615015405122994019e-01
2.606666218395071177e-01
2.341705798391618687e-01
2.681483851712225808e-01
2.605152198128923846e-01
2.660952568057601830e-01
2.374438360867181796e-01
2.464137282461519030e-01
2.284558591671212724e-01
2.399873191938312889e-01
2.696378643086199123e-01
2.450305262716893084e-01
2.496213852896032315e-01
2.444057869905167379e-01
2.617679164298881145e-01
2.516660295838185624e-01
2.473858320733804961e-01
2.607209589701464658e-01
2.576341963905781629e-01
2.376199390507344744e-01
2.473144546065038085e-01
2.451515505775536397e-01
2.306857133393962478e-01
2.406965004574217470e-01
2.584280481045552746e-01
2.548212787518798206e-01
2.482543518730687404e-01
2.569794244844594289e-01
2.637967929692226488e-01
2.549350474169252423e-01
2.374491876759839692e-01
2.256335370728312639e-01
2.537574409899752137e-01
2.426466739367510728e-01
2.470736260621832492e-01
2.343742285769362943e-01
2.546598896237845522e-01
2.377003460516188826e-01
2.544206142899263501e-01
2.489996097962565436e-01
2.657806614548392510e-01
2.615941556644062471e-01
2.602814309044243490e-01
2.444891024537949598e-01
2.498166386876806977e-01
2.642030932151889222e-01
2.640555466641628657e-01
2.458669796974307653e-01
2.652252549217223310e-01
2.608014672984141913e-01
2.440223731507731864e-01
2.267276135343264665e-01
2.291487373143272777e-01
2.511303151751083096e-01
2.638074752403111733e-01
2.603589979919394559e-01
2.328771433981093042e-01
2.444061222780540832e-01
2.355006216978589306e-01
2.577486104044869886e-01
2.670164740595024622e-01
2.451569149530576364e-01
2.384531858780424285e-01
2.640619815924639124e-01
2.586115210206126891e-01
2.830702333713280283e-01
2.470199160544838402e-01
2.570736876646119717e-01
2.696777605752730400e-01
2.476835140995753692e-01
2.576850052942888381e-01
2.462350357464679895e-01
2.634066502273642585e-01
2.431015818543743601e-01
2.529987879230228276e-01
2.656897698210258230e-01
2.475571639508407085e-01
2.520695595189346161e-01
2.623561721301236882e-01
2.668423591527344652e-01
2.555649306320079139e-01
2.347786086103993142e-01
2.428728127104343715e-01
2.507521425416064376e-01
2.763550953338769767e-01
2.409932000949461528e-01
2.586799324700487235e-01
2.394819701828254654e-01
2.629193540968113307e-01
2.618889975947152893e-01
2.487749597441382965e-01
2.466690733988790019e-01
