3.254107565322966189e-01
7.875875461118433396e-01
3.215588548805900504e-01
7.937608530462064715e-01
2.825333758406217699e-01
7.834987010718538203e-01
3.103984187912781079e-01
3.143280142173676683e-01
3.047484233236509854e-01
3.095753001873300936e-01
7.583563766553236274e-01
3.405607084581997457e-01
3.053169249401913588e-01
3.357866240623324505e-01
3.140099158306386973e-01
3.028205450876390592e-01
7.883082384495565531e-01
3.015492058123632191e-01
3.253794165985180453e-01
2.999713352573633030e-01
7.751400074980838717e-01
8.010830872457571639e-01
7.925462707612933588e-01
7.895999753224101081e-01
7.704184329073547888e-01
8.120425604855443513e-01
3.277056486835602245e-01
3.152271688396417471e-01
2.673700681789689115e-01
2.960699113096209589e-01
7.557282629871052704e-01
3.022158806632374572e-01
3.331193656135849057e-01
3.123199853162186290e-01
3.028159645359727592e-01
7.907542997983287858e-01
2.942034412552028133e-01
3.160457459241795553e-01
7.585303231923513634e-01
3.076304037505450673e-01
7.547133165858433967e-01
2.875488415908213358e-01
8.091994853213263506e-01
7.857415936632738962e-01
8.058106881248214837e-01
7.728209542604952409e-01
7.998724536355672488e-01
2.896350754817450524e-01
8.049020211554176463e-01
3.034020477352895595e-01
7.834172832605341696e-01
7.844393736360141256e-01
3.096811677035308796e-01
7.851932573055624420e-01
3.045713573611147917e-01
7.779005616890616315e-01
3.080567099350456362e-01
3.077283523047781300e-01
7.633763455254450880e-01
3.089931970597140642e-01
2.852451424912507694e-01
7.811364866850901700e-01
3.127463744928680733e-01
3.078316769281766452e-01
7.973006909744584370e-01
3.112803801671636950e-01
7.859477027877508348e-01
3.049903289266036599e-01
8.161648012313490463e-01
7.761965389684976069e-01
2.959084048446162241e-01
7.721261464081097259e-01
8.484759867401590050e-01
3.159711766809631950e-01
3.043242458893773983e-01
7.701765360669614591e-01
8.007534308188133387e-01
2.946426877124176391e-01
8.091033109768788201e-01
3.194389414386220039e-01
8.047737889681207957e-01
7.826473274177145889e-01
2.692564235077312129e-01
8.060931503779010798e-01
3.110146279515984546e-01
7.840689511640397402e-01
3.024040508786337567e-01
8.129175563016372008e-01
8.017231725075156801e-01
3.151866370719264565e-01
7.863990659201484101e-01
3.246680235922482782e-01
3.205815920496030147e-01
7.788846430934462939e-01
8.037114702060537130e-01
7.600917826199470317e-01
3.063161562808663363e-01
3.075919878556781506e-01
2.972650725836634700e-01
8.211050023216648341e-01
