2.000464385554266145e-01
2.049926896821530065e-01
2.079258283027240195e-01
1.836598622167583128e-01
1.795785093538554422e-01
1.898595822634242536e-01
2.004293896782274875e-01
2.085326153271178373e-01
2.025344565757642157e-01
2.052923441985736452e-01
1.949474702475535726e-01
2.053562130163577304e-01
2.038133441132686519e-01
2.086261742540794495e-01
1.963851953125388405e-01
2.015227851800850400e-01
1.953083391669663826e-01
1.927068106670300207e-01
2.144006916005630758e-01
1.994534318492569847e-01
1.924070519827771608e-01
1.967575063769948507e-01
2.137655665803204763e-01
1.996034565777994596e-01
2.055088705768843005e-01
1.967458166276815357e-01
2.155478140451543845e-01
1.934107679377627120e-01
1.980142069627680024e-01
2.057150533545369364e-01
1.905267667406009280e-01
1.964256159401326640e-01
1.976936270064345025e-01
1.985087287541859313e-01
2.079294343217880647e-01
2.079523946369347120e-01
1.973108809079171799e-01
1.962880505531889863e-01
1.903014003735093440e-01
1.889725388825591323e-01
2.095702244906256784e-01
1.864755718011455177e-01
1.843954846961525507e-01
1.984283938949089610e-01
1.916047173255267244e-01
1.983492277768252599e-01
1.989596670689697810e-01
2.008580551603818543e-01
2.065372886207269276e-01
2.075160357213906570e-01
2.054946922930630804e-01
2.004131936133716763e-01
1.977262297066522123e-01
2.117375946705297995e-01
2.035752291559299598e-01
1.977801599224260909e-01
2.087354609979109599e-01
1.928610934649219177e-01
1.980403044337433749e-01
1.828027839807897792e-01
1.888739781177486421e-01
1.996231973778505031e-01
2.082897929964918071e-01
2.013154533834644322e-01
1.896430827912322925e-01
2.038097176579822534e-01
1.829104844395198215e-01
1.976349644999326749e-01
2.097844329300216359e-01
1.975223739036149895e-01
1.959303443943228029e-01
1.971615749716224830e-01
2.038608145232614632e-01
2.046569590707273123e-01
2.009482779751310122e-01
2.050354096147547489e-01
2.050010200523431081e-01
1.965451127643824403e-01
2.031050212206191585e-01
1.989063314303860797e-01
1.990776498762389934e-01
1.913495444852344463e-01
2.071157291525760891e-01
1.996595077015721753e-01
2.072396907315796344e-01
2.048836669468205307e-01
2.083445832887014515e-01
2.035985985071406545e-01
2.106457709997655581e-01
1.926955634973562259e-01
1.981914988168247682e-01
2.056317779218246600e-01
2.052677951645095755e-01
1.964092007635770409e-01
2.046425208776605775e-01
2.054886558969016841e-01
1.980498689468975781e-01
2.049101141350438970e-01
2.041800916470787597e-01
1.822408129761973195e-01
