2.729450822640384078e-01
2.782442942213246284e-01
2.754123291057398171e-01
2.370560983550664136e-01
2.703182688566198033e-01
2.664114957790327254e-01
2.289877669100088831e-01
2.780935236068121652e-01
2.674669308791472466e-01
2.723536705345502296e-01
2.322434123615290946e-01
2.739235171959320536e-01
2.643631631291886719e-01
2.732964538596818760e-01
2.672597537532371836e-01
2.652539032629820936e-01
2.744781465897253581e-01
2.491631688032503733e-01
2.797002161473999271e-01
2.703030855691404000e-01
2.724159669607705836e-01
2.769352339215591652e-01
1.966349055344807362e-01
2.709546824946158505e-01
2.510292988235001688e-01
1.883951724211081480e-01
2.710384803993837188e-01
2.722049753272651196e-01
2.291853546220730953e-01
2.725473540952865759e-01
2.732485441282316851e-01
2.682537566879037993e-01
2.647629728920014580e-01
2.714560049676485454e-01
2.722862404747271592e-01
2.738996150487786885e-01
1.813163694489350330e-01
2.726455695192994133e-01
2.761818341209085204e-01
2.137477725652181249e-01
2.678979831162336400e-01
2.668847325644916335e-01
2.681283810065599460e-01
2.712132940913122292e-01
2.812849065714916330e-01
2.591599686471808828e-01
2.691508731531158105e-01
1.507871542221694561e-01
2.710017920757255006e-01
2.751597585607573615e-01
2.818059545745880135e-01
2.727840128995655533e-01
2.721929946049341242e-01
2.708987718928431709e-01
2.427359245138234201e-01
2.753721562940038559e-01
2.749373013542223965e-01
2.683177392613385615e-01
2.695141435435154942e-01
2.730338319132973868e-01
2.770506237628468926e-01
2.668001799191869750e-01
2.823653804700823611e-01
2.782511976624658656e-01
2.732077683438439708e-01
2.720126566142577751e-01
2.725965689684499704e-01
2.733396273963375478e-01
2.777781168903645237e-01
2.751415775115797491e-01
2.686405003877732622e-01
2.760318922292907540e-01
2.758881277426790679e-01
2.737547724679296746e-01
2.699776943647007599e-01
2.680546913397198749e-01
2.822749302933103555e-01
2.705360947905036118e-01
2.681104038348601226e-01
2.716551920777026674e-01
2.724414542325993005e-01
2.766094967617910849e-01
1.839875451895782166e-01
2.751619978418563539e-01
2.733908239362805026e-01
2.738670764359305010e-01
2.711739141947100418e-01
2.694031810196849119e-01
2.746133914388961816e-01
2.616570392363495867e-01
2.753001216080642188e-01
2.714005857515813247e-01
2.678887647778013248e-01
2.638937600375815262e-01
2.748485138766044722e-01
2.744174190471430075e-01
2.670512217444609981e-01
2.724954915866490412e-01
2.739261780920206890e-01
3.098302251482884517e-01
