1.481360750669129256e-01
1.482194214187463888e-01
1.481461261622774861e-01
1.482194058795382186e-01
1.482227612921283300e-01
1.481605607116442958e-01
1.482194059238359507e-01
1.481460564993700157e-01
1.482227844375778036e-01
1.481602130499673209e-01
1.482186189720686997e-01
1.482274315624754757e-01
1.481410531759114191e-01
1.481516127851615072e-01
1.481516361536526494e-01
1.482235525653825270e-01
1.481460992724543957e-01
1.481409583292884191e-01
1.481449204692027732e-01
1.481372159399595434e-01
1.482274315678888954e-01
1.482283513785752904e-01
1.481559040966022034e-01
1.481371462173531328e-01
1.482232007501858018e-01
1.482186193545270148e-01
1.481461257486486049e-01
1.481409998745786272e-01
1.482232265354222756e-01
1.482274315484556348e-01
1.482228533470843768e-01
1.482194063356101488e-01
1.481413965019551249e-01
1.481460723888394226e-01
1.481509304162891838e-01
1.481405064465387833e-01
1.482274061172016155e-01
1.482186874615485928e-01
1.482282830184163125e-01
1.481553944032035774e-01
1.482186189126391274e-01
1.482235764857230964e-01
1.481410536707260528e-01
1.482282567565866294e-01
1.481419043625448184e-01
1.482191296154456717e-01
1.482194058624433652e-01
1.481553943974877052e-01
1.487770957923054138e-01
1.481364236998417294e-01
1.482237954830423199e-01
1.481508539084599452e-01
1.482232259278020714e-01
1.481409998779592285e-01
1.482274061172016155e-01
1.481516360805741894e-01
1.482280071290284218e-01
1.481452000851677664e-01
1.481452693895430606e-01
1.482186189376633878e-01
1.482283518904556618e-01
1.481372159761193408e-01
1.482283671547121595e-01
1.482240873086543287e-01
1.482274319937406659e-01
1.482240459308047098e-01
1.482186348843930745e-01
1.482232260090139697e-01
1.481461262636243614e-01
1.482186114738839600e-01
1.482227848397560388e-01
1.481449209520146471e-01
1.482274061674792587e-01
1.482186194015453484e-01
1.482235526215381072e-01
1.481371462022968433e-01
1.481418351163776015e-01
1.481413027462147869e-01
1.482240459156356771e-01
1.481451995643196240e-01
1.481508611413417942e-01
1.481413268392409166e-01
1.481550781523058302e-01
1.482232949914245868e-01
1.482274745632124469e-01
1.482232945174716543e-01
1.481363543115007675e-01
1.481550777553322651e-01
1.482283518713655157e-01
1.481405298018777794e-01
1.481415558093694407e-01
1.482186188996564846e-01
1.482240723830177132e-01
1.481405990884408774e-01
1.481418356814599713e-01
1.481562022680446566e-01
1.481418356656618307e-01
1.481562971813365215e-01
1.481449204011766607e-01
1.481418351663572608e-01
