1.220459886505026320e-01
1.222400903241270403e-01
1.216438213538623553e-01
1.219003078627884235e-01
1.220799859196635556e-01
1.219011426426694356e-01
1.220495379240609385e-01
1.218960865895823836e-01
1.220912446156908471e-01
1.216503484937849905e-01
1.220878114176496138e-01
1.221763116478330469e-01
1.220401711608425782e-01
1.222202137907811292e-01
1.219002887150757442e-01
1.218943212179368768e-01
1.220262777300916701e-01
1.214558297359517730e-01
1.222297681974774120e-01
1.219858792459976721e-01
1.222360003293070513e-01
1.220463769800520515e-01
1.222101911776456301e-01
1.222400645787883600e-01
1.216017594847333683e-01
1.218539081164975585e-01
1.220880532885169206e-01
1.221942470702068323e-01
1.220916988959114546e-01
1.220456099572535674e-01
1.220879154251784948e-01
1.220023981962253673e-01
1.218544984355301869e-01
1.217406775894118304e-01
1.222180971292390339e-01
1.220254732855826224e-01
1.220302454110946955e-01
1.220283607383164104e-01
1.222403234230659136e-01
1.222359697427573555e-01
1.218015848195457274e-01
1.220914286246125718e-01
1.221745565807131062e-01
1.218926579041273023e-01
1.218947871639509822e-01
1.220916885834461008e-01
1.217596364430128253e-01
1.221702746122843575e-01
1.212683778926448852e-01
1.222154937518277890e-01
1.221764823611682232e-01
1.222200275705318251e-01
1.214113858661694106e-01
1.222220835547806750e-01
1.220302454110946955e-01
1.214535450734434835e-01
1.216040921520063350e-01
1.216466026247538940e-01
1.221951435056482932e-01
1.220273555068410037e-01
1.222221942141171608e-01
1.220467649290679774e-01
1.220922251445781259e-01
1.217837018021895173e-01
1.220465173797886382e-01
1.222321680846397834e-01
1.220502089180284799e-01
1.218962646714208953e-01
1.222405837245650329e-01
1.222140169400924015e-01
1.220505434131151784e-01
1.222220050486459014e-01
1.222202786530186130e-01
1.220499896042459287e-01
1.221790802266986137e-01
1.220859706730650779e-01
1.218941721800068240e-01
1.222198574723497161e-01
1.220839372901006831e-01
1.215816503385003383e-01
1.222403800744107649e-01
1.222220774397425463e-01
1.220321515315440919e-01
1.221802270435563831e-01
1.222102447188599395e-01
1.221944871780137609e-01
1.220392428010509539e-01
1.220876252823705765e-01
1.220442396920408401e-01
1.220324940012715575e-01
1.220507138370163919e-01
1.216491766009870495e-01
1.220050822530783369e-01
1.219896044628606402e-01
1.222360413654898503e-01
1.217753353366029384e-01
1.220919138970941731e-01
1.219862195542824324e-01
1.218949737934271332e-01
1.220501220617484228e-01
