1.376680313531034039e-01
1.343580363114064979e-01
1.308432723294677413e-01
1.422255768923076091e-01
1.374022990238637221e-01
1.421452516128313692e-01
1.303353041241274157e-01
1.628730628150969473e-01
1.344418030740593406e-01
1.372530227121402102e-01
1.502369235090114663e-01
1.388033761987828296e-01
1.340269752478432941e-01
1.326665113574688193e-01
1.478884877061804881e-01
1.516767576898188918e-01
1.354484418653076894e-01
1.366926378996164426e-01
1.323667795656396917e-01
1.299213958969603344e-01
1.380214709290412400e-01
1.439073431143450543e-01
1.372870549269547269e-01
1.438381057831601695e-01
1.350279066357485125e-01
1.316048253914563482e-01
1.320142758414414585e-01
1.388571183003608767e-01
1.576584804468148526e-01
1.337831527523663522e-01
1.321998830961518823e-01
1.427203225174075163e-01
1.460976151529777001e-01
1.413880270502215486e-01
1.386048374737451905e-01
1.356435799379311358e-01
1.497310912340395761e-01
1.364321731841049434e-01
1.351507459613111306e-01
1.396187571618354717e-01
1.628690111433035159e-01
1.494358519879259717e-01
1.340661263013579740e-01
1.334054110121716819e-01
1.296247902407506591e-01
1.559882172822467938e-01
1.670053712364077403e-01
1.362397233138522568e-01
1.356440915883284082e-01
1.318519078435934633e-01
1.362081393929671091e-01
1.361766416464084140e-01
1.390903691304469225e-01
1.518073770945188306e-01
1.322208721855143987e-01
1.460148624577215504e-01
1.426713527090999745e-01
1.811422466192405822e-01
1.313101339986953164e-01
1.373644275973346096e-01
1.531262443159988884e-01
1.319887284874076416e-01
1.295536543337207913e-01
1.310020017432754758e-01
1.572441178430070419e-01
1.515609340724444476e-01
1.288205768851740929e-01
1.501950446336451639e-01
1.342702721396505927e-01
1.334829579268241861e-01
1.445627786747942234e-01
1.474755016663725493e-01
1.363477462091675918e-01
1.381723614228932695e-01
1.366025169536193296e-01
1.397105253650743062e-01
1.475079583845027298e-01
1.492012201718691256e-01
1.548060259204888933e-01
1.504890911398606979e-01
1.351199899362326429e-01
1.339267251679145954e-01
1.390802437428808602e-01
1.468272565945288877e-01
1.343806037928394481e-01
1.334519191164957042e-01
1.360347863489609066e-01
1.331324397008452065e-01
1.366282769644314443e-01
1.355011674206749173e-01
1.407398261424577524e-01
1.540434173145978636e-01
1.488480746565811752e-01
1.364263408373046493e-01
1.360109229030798117e-01
1.528704131960400003e-01
1.368025920192467715e-01
1.347930132040845996e-01
1.400608267446071253e-01
1.364096914963908724e-01
