1.335216496119120688e-01
1.362303484630889294e-01
1.636359696977557066e-01
1.384360901823023238e-01
1.759298356344624892e-01
1.522472559699864503e-01
1.495449639335784398e-01
1.413668038783538750e-01
1.367383222821296485e-01
1.515984816876699004e-01
1.293200087634946149e-01
1.550940682065936882e-01
1.375583977121682677e-01
1.341628430993183074e-01
1.658638720971694624e-01
1.433166276689917251e-01
1.883932247004162230e-01
1.470887286661146376e-01
1.442206174021855580e-01
1.371073170578426259e-01
1.874800772529331971e-01
1.570397530905284778e-01
1.723637740557315556e-01
1.515360896771991428e-01
1.335470956515152630e-01
1.341252597552116954e-01
1.633694800047472695e-01
1.508234957645074037e-01
1.648934332433730776e-01
1.343169396918223180e-01
1.491054644834371168e-01
1.610887918867976443e-01
1.507115434270536736e-01
1.370565884792241673e-01
2.000304644244678964e-01
1.512744251951215202e-01
1.560343245724775951e-01
1.411917873656103883e-01
1.419191586210366007e-01
1.577343841762535170e-01
1.381200483022469727e-01
1.332658153369017384e-01
1.326637910461898051e-01
1.458417505474804143e-01
1.370265269753256077e-01
1.393796593749233037e-01
1.364231791447766962e-01
1.386859005700379066e-01
1.456990165779849522e-01
1.449119504877117992e-01
1.464086167652654258e-01
1.423228636202385489e-01
1.812592226816653052e-01
1.541055011750633030e-01
1.470070688701843320e-01
1.386180354333102216e-01
1.590955615949783686e-01
1.355382202616276510e-01
1.580466720616305609e-01
1.406270221638198925e-01
1.411371835852764101e-01
1.337480702683055134e-01
1.456631803826058391e-01
1.437455982334938376e-01
1.390368803713221690e-01
1.380177606922562972e-01
1.344073537298219045e-01
1.970346372892555209e-01
1.335988238150294105e-01
1.587847713718280040e-01
1.375368684325899982e-01
1.521663152313605383e-01
1.532390327032008559e-01
1.426502656756441501e-01
1.475934332224458079e-01
1.602139729362667964e-01
1.430103815193070615e-01
1.891564393570554503e-01
1.348059685433188881e-01
1.331814301305221382e-01
1.379601845368529089e-01
1.345001917866617824e-01
1.489695007722003084e-01
1.642426375267247995e-01
1.402840338490204120e-01
1.438506288494232621e-01
1.448814753344767614e-01
1.766692097613668244e-01
1.470546903702603381e-01
1.850152985510863934e-01
1.404972044882481230e-01
1.639967439631790924e-01
1.483977698531618872e-01
1.317041984596397930e-01
1.482146016893464147e-01
1.642261710489487658e-01
1.701132548711062897e-01
1.389961002548633917e-01
1.451407480931403982e-01
1.739395607267375521e-01
