1.352950556336440791e-01
1.356970237668052304e-01
1.288992038491337533e-01
1.381241712544304945e-01
1.319920478689496357e-01
1.371770620289936016e-01
1.480996459722321856e-01
1.386774261322439861e-01
1.450948007482616708e-01
1.509022126709758937e-01
1.384396760095304157e-01
1.474254532898361947e-01
1.402591574277186059e-01
1.381893805090837757e-01
1.376345135402474718e-01
1.297270047339314780e-01
1.355363734587117230e-01
1.436489651099963349e-01
1.340988541140742396e-01
1.405945455028589919e-01
1.554320683960107585e-01
1.518403300366554520e-01
1.438615551186163688e-01
1.345493141662648384e-01
1.419442251693786572e-01
1.449376239441419745e-01
1.576018740929163164e-01
1.402519145772199161e-01
1.320450887375487492e-01
1.343606519438542701e-01
1.356240754577869023e-01
1.391774420168019333e-01
1.390176092324892365e-01
1.368042617790519444e-01
1.361478174236578631e-01
1.380941927540086656e-01
1.337620218779478898e-01
1.353981769910789501e-01
1.367874708480404378e-01
1.389711118196430839e-01
1.605152521611626637e-01
1.398403094301578220e-01
1.370469766784978283e-01
1.358110124301600552e-01
1.333958535695299874e-01
1.340458665109403313e-01
1.445760251029888643e-01
1.568923218376418460e-01
1.378964222535752349e-01
1.422175556381748418e-01
1.412275415694364267e-01
1.361760001172941659e-01
1.401764083937379057e-01
1.441930370977972942e-01
1.288995818889759060e-01
1.332534038119374820e-01
1.380928290164763761e-01
1.397309585810774524e-01
1.371162488270659952e-01
1.353815783360811653e-01
1.338345472282389814e-01
1.438605464071699702e-01
1.484697352034076989e-01
1.422528295348871874e-01
1.427719078619936188e-01
1.349971779685651685e-01
1.360230459189754049e-01
1.358656697794584090e-01
1.401465565382839229e-01
1.368239807232798921e-01
1.371184167585177971e-01
1.402304411663035100e-01
1.448996524391080176e-01
1.273326843579184464e-01
1.473184797353415121e-01
1.389181948631161012e-01
1.372753043327865907e-01
1.326046887418752263e-01
1.371348466120421439e-01
1.334355199120097479e-01
1.379199874864521225e-01
1.439447521419708609e-01
1.425989236107231273e-01
1.397936001898940350e-01
1.511175095541383850e-01
1.358676170913240000e-01
1.292292136688899251e-01
1.500093809014318158e-01
1.433406980872335701e-01
1.328498078491311962e-01
1.388581224432872130e-01
1.446287195469484477e-01
1.408385795102516103e-01
1.578747318617002571e-01
1.524740524395784558e-01
1.450298089408249835e-01
1.389431737491787500e-01
1.360989930772414369e-01
1.484589537423881833e-01
1.363784542503867214e-01
