1.077365475448235077e-01
1.109704309038026387e-01
1.419033658372422235e-01
1.134723602081043198e-01
1.528230549550225748e-01
1.272192161782717268e-01
1.266686529001069261e-01
1.204591458584831354e-01
1.080928827610939807e-01
1.332252748426446809e-01
1.044134853314622885e-01
1.282030355560045409e-01
1.090588615894303309e-01
1.055302204081849243e-01
1.396919067123533476e-01
1.231434230983280836e-01
1.653815520746084455e-01
1.192766970503491009e-01
1.198116587024791735e-01
1.115222747009900622e-01
1.547899994892388831e-01
1.305433950577310487e-01
1.520853736571507187e-01
1.257507573967526215e-01
1.066435575746982889e-01
1.160634438347801917e-01
1.371903845793313870e-01
1.235762857301574147e-01
1.415410308491215075e-01
1.091248358860095330e-01
1.285899453574895213e-01
1.406386721442374754e-01
1.264520943016844978e-01
1.158504866700419411e-01
1.744893131414772258e-01
1.244032748769311469e-01
1.256758416328073724e-01
1.175085392083413255e-01
1.179617758609669970e-01
1.276315222787773873e-01
1.125113212692145509e-01
1.105714254942262859e-01
1.122967838312314004e-01
1.257689349009995239e-01
1.156555707285815970e-01
1.162022053641746655e-01
1.084220064819937795e-01
1.159160235960327023e-01
1.199352088417350998e-01
1.204044990698574652e-01
1.175912838873446886e-01
1.225708445756095583e-01
1.652746400532449367e-01
1.315145606867405281e-01
1.172964810721667250e-01
1.117932357161752766e-01
1.381720115747462618e-01
1.129704429029167179e-01
1.318958320023785047e-01
1.204279215224122734e-01
1.180557901597995007e-01
1.061238672292098700e-01
1.188772256410087630e-01
1.186581242143230908e-01
1.152791515007741269e-01
1.135785749996248428e-01
1.099436936691185057e-01
1.711131457442415793e-01
1.046543987147068588e-01
1.346907703483632424e-01
1.177857130138067754e-01
1.328886015896573181e-01
1.270719117511144025e-01
1.140680394264581426e-01
1.198148055978150717e-01
1.343524964884603157e-01
1.160440145107065890e-01
1.696978036621977770e-01
1.115720851589380586e-01
1.064032710768022943e-01
1.157524549283398124e-01
1.128497505710587961e-01
1.237784054409473838e-01
1.351369275157023320e-01
1.138228966689453087e-01
1.194308089505041748e-01
1.219071912967638893e-01
1.531320494089834783e-01
1.260132151120353650e-01
1.620814532151143850e-01
1.127124236447494404e-01
1.403377906886618953e-01
1.246748342815015703e-01
1.055073591029237201e-01
1.244215599643169884e-01
1.342127385111254179e-01
1.457239629616052246e-01
1.118909151510373845e-01
1.175058965446357379e-01
1.470255011815730095e-01
