1.355437702409820200e-01
1.320586996329665141e-01
1.368100615303474155e-01
1.345087739809141536e-01
1.340518315562111984e-01
1.509188994066502087e-01
1.375972525574813421e-01
1.336226716028280359e-01
1.369403618162095826e-01
1.397088294978185152e-01
1.413092750631276540e-01
1.387127452191652677e-01
1.388029356070918097e-01
1.392955618383758254e-01
1.390890877869869202e-01
1.387977113691516717e-01
1.398987436200860857e-01
1.345835385223388414e-01
1.426341721963086118e-01
1.346985903212384594e-01
1.402796768161162499e-01
1.375946572163213866e-01
1.420730731815945114e-01
1.310370634429109671e-01
1.383292373051120960e-01
1.348080887223038482e-01
1.390465596216708399e-01
1.379254587495712114e-01
1.373841214312378489e-01
1.462678610943656532e-01
1.477901919477557779e-01
1.445696171411362252e-01
1.407460838389034685e-01
1.389882588720681156e-01
1.377386299170300366e-01
1.476276486953728151e-01
1.410885323903065813e-01
1.373995113125604517e-01
1.500698043423741856e-01
1.319438594857517688e-01
1.301673102492994227e-01
1.366171319605171963e-01
1.453984498421630189e-01
1.419834011684705244e-01
1.468660230829206825e-01
1.377970704377519118e-01
1.535485287996304904e-01
1.321890663903160512e-01
1.381098359770736306e-01
1.391900968939142058e-01
1.368099421849894304e-01
1.470231206582716943e-01
1.380977662130651873e-01
1.464735489647331357e-01
1.362696727614800540e-01
1.371888473263821184e-01
1.348338138948669274e-01
1.391103418007654247e-01
1.570548650401344948e-01
1.351334402615945174e-01
1.526490080685365403e-01
1.367775636676593076e-01
1.372806119142996883e-01
1.401509033684270600e-01
1.324996860988987279e-01
1.474190587085787707e-01
1.368488297964085554e-01
1.384644178714450058e-01
1.344139618238736622e-01
1.345685418739654693e-01
1.351151185891534823e-01
1.416435420885430174e-01
1.448354862278874999e-01
1.364604163770865575e-01
1.403734611573081714e-01
1.397533211868747793e-01
1.404592997759392115e-01
1.454849512890006580e-01
1.334121178039777700e-01
1.582111594931135956e-01
1.412068915599680730e-01
1.618397505536169623e-01
1.378907878998798797e-01
1.441323945840137788e-01
1.383624349396263553e-01
1.409573837439926647e-01
1.370361295899762966e-01
1.399211444954834849e-01
1.387266362156166499e-01
1.524389463355344254e-01
1.379639501966178072e-01
1.375712948983146000e-01
1.471783022836191390e-01
1.399221013589350693e-01
1.338186329779054162e-01
1.326491084484601179e-01
1.353229052683248002e-01
1.389491850193931843e-01
1.356129330413766987e-01
1.391778982954580413e-01
