2.646654358222273462e-01
2.686050272757551927e-01
2.314629046503921816e-01
2.679456653837249402e-01
2.687705474964205976e-01
2.655192976823930184e-01
2.643249675093131690e-01
2.417848891781876897e-01
2.677592358851570431e-01
2.669327351285011307e-01
2.385387648402907124e-01
2.675965502765407233e-01
2.689410550291873037e-01
2.424303610904763595e-01
2.655689658738979442e-01
2.679320859879554262e-01
2.692020083650010220e-01
2.677209609701960979e-01
2.681423595817310490e-01
2.512711008268155299e-01
2.685017418030539171e-01
2.678527742528156730e-01
2.656936575380292598e-01
2.660852114173567484e-01
2.643373800600329893e-01
2.685322953094584908e-01
2.715921165134684845e-01
2.411937213719236028e-01
2.622692124029707972e-01
2.686660065828117561e-01
2.683712850095033575e-01
2.403742885993560285e-01
2.659731768374924976e-01
2.436419087337402534e-01
2.713998678163543898e-01
2.680724902897498318e-01
2.683485177248108311e-01
2.714722975436825170e-01
2.674892110925550237e-01
2.720946048067997003e-01
2.579897797592523023e-01
2.718200715611801543e-01
2.711604336994884457e-01
2.582354031857035381e-01
2.718547365427960716e-01
2.670083769345952818e-01
2.691115423440640364e-01
2.705699126469038318e-01
2.685923104724519117e-01
2.686526893567727226e-01
2.678956754011355690e-01
2.541464071676858838e-01
2.455388285861202502e-01
2.400834646501541214e-01
2.408708690285238097e-01
2.685774163299254891e-01
2.669816145619416936e-01
2.682294822105479315e-01
2.190817635565904531e-01
2.713243794564875744e-01
2.714892284112641052e-01
2.093173196300865402e-01
2.150039858374192259e-01
2.584947133946082221e-01
2.711822234014632516e-01
2.686860441054951809e-01
2.422232242309885764e-01
2.566908467694358209e-01
2.713838483192754225e-01
2.660602995842286655e-01
2.690774749561437029e-01
2.460317793400723096e-01
2.632778171866164141e-01
2.685546008735841261e-01
2.686610036402760637e-01
2.352291574792541307e-01
2.708371712822400523e-01
2.687579946351376092e-01
2.719085762708751131e-01
2.734583134826940598e-01
2.576808101825108221e-01
2.674223166274607988e-01
2.716862425301784234e-01
2.231671988208575041e-01
2.714937442135072487e-01
2.709230547234742215e-01
2.705001852660197659e-01
2.589693409314902661e-01
2.710293385865180094e-01
2.679068941950477623e-01
2.704536321729437143e-01
2.679824978456984974e-01
2.419562144666411452e-01
2.718148090880814771e-01
2.717285698091405077e-01
2.341382653287658322e-01
2.711124781119247928e-01
2.689551678423855452e-01
2.647731709137963185e-01
2.690884056232739074e-01
