1.166594853926793823e-01
1.033542261752622982e-01
1.030634343152405236e-01
1.150000008830070891e-01
1.120338718216629809e-01
1.141509146397493291e-01
1.067591711679719418e-01
1.423406501060958118e-01
1.084871017019896217e-01
1.076760348785148064e-01
1.296855182442378795e-01
1.136257806823634670e-01
1.063329023452882771e-01
1.048705329538532072e-01
1.256477599070942586e-01
1.269163107442834448e-01
1.104425556530713171e-01
1.059318108365928379e-01
1.042133038148988222e-01
9.712722169037381337e-02
1.128765773805385092e-01
1.185449109463384276e-01
1.099539269691999360e-01
1.168483855822608081e-01
9.835151847901561772e-02
1.079099864219664057e-01
1.063348141730185298e-01
1.111718589181197175e-01
1.343632749791820735e-01
1.108423044338358032e-01
1.005942187987725611e-01
1.195709428692373899e-01
1.153718276437281642e-01
1.132358054486334864e-01
1.135555723593486693e-01
1.035449154531404709e-01
1.257478646704225378e-01
1.153546640402749179e-01
1.070951990674315069e-01
1.118101304365055199e-01
1.380189183497205485e-01
1.220934295236959649e-01
1.010353955168312029e-01
1.063317123699939887e-01
1.051506289902403718e-01
1.363340111716770386e-01
1.469276370424942857e-01
1.125863260675583899e-01
1.102880933233552629e-01
1.027352308881541165e-01
1.122679733952664516e-01
1.117470493994277697e-01
1.148002181096413471e-01
1.299664362549695085e-01
1.102598117072198791e-01
1.211465721248426858e-01
1.162220383613628144e-01
1.640871089579411801e-01
9.987952562125154699e-02
1.149097525715056245e-01
1.282570947172775311e-01
1.072939584452161782e-01
1.060134189299843099e-01
9.830668390146739266e-02
1.321459680819592475e-01
1.306964834052224966e-01
1.005041066527653654e-01
1.220789344821029410e-01
1.082065976501682403e-01
1.058116887828192687e-01
1.209543973414632378e-01
1.188466483021342335e-01
1.006317870161678590e-01
1.009655875706099715e-01
1.113151525259827024e-01
1.031832035696494537e-01
1.249768965956661732e-01
1.212648653315501063e-01
1.322059096967472258e-01
1.249959154796418115e-01
1.094700699710570296e-01
1.026203270273388368e-01
1.188349233696562590e-01
1.200370174570100784e-01
1.060733348146813970e-01
1.073551584688387933e-01
1.090230993675781329e-01
1.058842265725066512e-01
1.127684231453842389e-01
1.151760606327539710e-01
1.168301397392891294e-01
1.281182479179998890e-01
1.248561761793421793e-01
1.143902596413522293e-01
1.042113767148219045e-01
1.349727497104659668e-01
1.145140512178371844e-01
1.057453545594900929e-01
1.135267739090863037e-01
1.069480567518288350e-01
