1.383873308943349700e-01
1.373456232597243254e-01
1.337332474116474934e-01
1.412690144256532887e-01
1.482205294713132560e-01
1.374041228049859287e-01
1.298486881088139200e-01
1.623282048717449300e-01
1.338237543793595885e-01
1.399291306971718052e-01
1.285445302806723089e-01
1.378479178541180961e-01
1.557770052190705912e-01
1.362228470266967084e-01
1.437325145588363440e-01
1.362712739058553058e-01
1.407482343665791280e-01
1.397260303954818150e-01
1.641118740627511285e-01
1.368958251757657618e-01
1.561103341436089198e-01
1.323349755700479469e-01
1.393553739740207020e-01
1.341883118194923119e-01
1.354819799701246497e-01
1.284185715920051207e-01
1.349548173372201454e-01
1.442852839175675916e-01
1.356325799052455483e-01
1.325577614193926557e-01
1.381753571201211617e-01
1.365176414223211177e-01
1.341307185460413054e-01
1.320484458048100662e-01
1.386627987034966258e-01
1.314966007209628640e-01
1.393274667951758250e-01
1.359458480129134283e-01
1.553135053045911484e-01
1.641557511462865271e-01
1.414638776526584429e-01
1.407176110182650208e-01
1.387781194138917873e-01
1.382050673335382673e-01
1.380853935071646998e-01
1.601627135267758295e-01
1.347272734683258866e-01
1.360703112791680491e-01
1.358587667883526806e-01
1.420077075700877656e-01
1.371284700673544021e-01
1.428904252154627463e-01
1.318406685449070581e-01
1.326513047667049194e-01
1.420891482481551615e-01
1.320209392822841998e-01
1.341280777176959149e-01
1.481359901430826798e-01
1.516122035230041964e-01
1.366481549797932127e-01
1.411469856362476682e-01
1.356345654933107658e-01
1.354190510914789480e-01
1.462395384307769719e-01
1.498273579221387486e-01
1.414717486532977853e-01
1.649213452254626733e-01
1.367319820076561832e-01
1.331518036360284929e-01
1.457414559850599423e-01
1.450654749736507709e-01
1.404047888452710224e-01
1.389963618942649248e-01
1.320043893208369956e-01
1.370774208514833059e-01
1.370873068461981037e-01
1.316021691268653981e-01
1.431112556370146283e-01
1.583100311521011549e-01
1.353475731195225018e-01
1.387753213333294822e-01
1.336136127816380526e-01
1.359637661453291513e-01
1.462243042275265248e-01
1.436559240790298009e-01
1.311984764973815054e-01
1.362973025116231141e-01
1.619294312204571373e-01
1.330492081132402526e-01
1.308931095468567618e-01
1.365581566155155135e-01
1.362392895421288830e-01
1.381519359622798149e-01
1.469206176089255800e-01
1.309248662224803961e-01
1.436110366530177485e-01
1.354620138029684062e-01
1.346680276201279725e-01
1.386332471269215161e-01
1.388219906132838743e-01
