1.910272166541738814e-01
1.905942736780513735e-01
1.791110571581843169e-01
1.882329526836454825e-01
1.884802957497394849e-01
1.887884090670070569e-01
1.882330019097365192e-01
2.010759747932449049e-01
1.882329882743516147e-01
1.882277214514005981e-01
1.854043352661988164e-01
1.956830891884719370e-01
1.887076578723055897e-01
1.887340447556796197e-01
1.882330723230343783e-01
1.884804699802032912e-01
1.882278985938073967e-01
1.918962886104520205e-01
1.882277604432742724e-01
1.889190766600402360e-01
1.882331699872065445e-01
1.882331477107992701e-01
1.882330654016345084e-01
1.999259736392785813e-01
1.882331548049246128e-01
1.905941464655868112e-01
1.884605240201471799e-01
1.448431110724435200e-01
1.877435335301691210e-01
1.862871853701559277e-01
1.905941583780229320e-01
1.976852506671312737e-01
1.884803013345557332e-01
1.451383793239658382e-01
1.882330338822393589e-01
1.847083857846601174e-01
1.905942149743500014e-01
1.902633052025909377e-01
1.916480200982815796e-01
1.999431130168531079e-01
1.898372854350862948e-01
1.905941538474758834e-01
1.888310398361167375e-01
1.890198494143586205e-01
1.882329714325386427e-01
1.904905267331447605e-01
1.988958110886362152e-01
1.882331978612094003e-01
1.707157677521061456e-01
1.884803940757989738e-01
1.887077690563080390e-01
1.889191218988827414e-01
2.006746762110010740e-01
1.601900048821138511e-01
1.938389834618797491e-01
1.888309367970185948e-01
1.905942055754316355e-01
1.997584008756716212e-01
1.845371834780401843e-01
1.882330641439174668e-01
1.931444316154305174e-01
1.776401257013251467e-01
1.350255485594490379e-01
1.883639576406909433e-01
1.918522237470948466e-01
1.929321053561287025e-01
1.437156172615127181e-01
1.881772499135379584e-01
1.884804938046767964e-01
1.884804949176499544e-01
1.910253521725802928e-01
1.847963664231841441e-01
1.993564296090261923e-01
1.884803468960304929e-01
1.919145870245905772e-01
2.004888731014411729e-01
1.933064860865232049e-01
1.963418433500258298e-01
1.847565919134581958e-01
1.964076670037160077e-01
1.981905286092165153e-01
1.882331686455529784e-01
1.882330985568158865e-01
1.769165916395956661e-01
1.882330822701385464e-01
1.884805138936560820e-01
1.884803173662433495e-01
1.887446947633001082e-01
1.884803814718036818e-01
1.901451225427979175e-01
1.919158917926611918e-01
1.884605230676626997e-01
1.857527876403846645e-01
1.908166970963757481e-01
1.882329802825523646e-01
2.006749110394825120e-01
1.908167874047143331e-01
1.919146278791585003e-01
1.888309710515834461e-01
1.935133577888526746e-01
