1.190307921686152848e-01
1.244288598572146215e-01
1.232987266649485658e-01
1.252099106673950357e-01
1.346445072354213179e-01
1.127354238299943245e-01
1.238827299294849582e-01
1.416633048735221612e-01
1.147927757714484881e-01
1.295052978824359491e-01
1.268034210489590308e-01
1.191356567753605322e-01
1.383359874206991358e-01
1.225554100467119434e-01
1.281893891898938931e-01
1.281628749316015836e-01
1.167245516657218068e-01
1.278361736330525800e-01
1.482827742030786433e-01
1.210209595548596834e-01
1.351431023320480429e-01
1.218255608620234659e-01
1.236906956107924060e-01
1.183782650764314687e-01
1.243716534329435686e-01
1.206415353294070375e-01
1.188983986645049257e-01
1.295806737535611097e-01
1.268695855946689321e-01
1.223873164593615032e-01
1.298195403563174311e-01
1.162099971640381674e-01
1.137890952287117508e-01
1.195323539796980111e-01
1.154856967731458239e-01
1.209948987784652263e-01
1.086273862122347361e-01
1.196768429999075650e-01
1.375227428153813214e-01
1.450205744994671475e-01
1.321859575555714150e-01
1.282281165631362629e-01
1.295997695779453063e-01
1.242884500629923838e-01
1.271737066103202085e-01
1.387384328294693769e-01
1.190158350804561560e-01
1.181622898353048984e-01
1.151468380976806705e-01
1.248495933982180645e-01
1.170638052429218839e-01
1.210249548080459953e-01
1.163710177172987553e-01
1.219368682090797573e-01
1.345794757040486844e-01
1.181914709496994093e-01
1.119893147298572644e-01
1.311892790995091707e-01
1.408133603375841536e-01
1.215229023294800426e-01
1.228181823162785569e-01
1.130097994513954845e-01
1.188851929650248801e-01
1.357870599937878731e-01
1.347004278071431138e-01
1.129141952826036854e-01
1.538322758859726191e-01
1.197975286447166554e-01
1.263381512792634553e-01
1.287413599562408362e-01
1.334108154763639642e-01
1.247470863495306753e-01
1.325590190313909178e-01
1.211650879350444215e-01
1.140814744954084803e-01
1.146267168202322190e-01
1.189526363995621894e-01
1.347047802107098069e-01
1.458489332172706876e-01
1.195416793714766807e-01
1.281811099442176360e-01
1.149368751587478837e-01
1.146696995006027953e-01
1.275927101924149709e-01
1.240244782577385602e-01
1.194281871629693098e-01
1.176849255608659744e-01
1.415413811032446290e-01
1.248339275873616844e-01
1.165828881163549352e-01
1.183458059776879706e-01
1.225079602505793619e-01
1.274353824689400394e-01
1.308756008288248784e-01
1.217647035329260247e-01
1.218979292186347790e-01
1.215985864127533261e-01
1.165501122358153230e-01
1.139534130699771108e-01
1.211034776455226225e-01
