1.323042333582420682e-01
1.322256295343245402e-01
1.324912413548666179e-01
1.325078697241381109e-01
1.324626482018326223e-01
1.299068316884088026e-01
1.347751624480112431e-01
1.299477315439260816e-01
1.299655828188481799e-01
1.322605739369302202e-01
1.347488625363597869e-01
1.346725789564333087e-01
1.324426035282350311e-01
1.313535618040221342e-01
1.324612711776688434e-01
1.325020273655413694e-01
1.347352393222895628e-01
1.350486675970822004e-01
1.299482056505669170e-01
1.322797660543446885e-01
1.299258231257365281e-01
1.348287978024985401e-01
1.322259916703245053e-01
1.299077790932441634e-01
1.341676151501664527e-01
1.299239352249446366e-01
1.322587784288013768e-01
1.299246269905904028e-01
1.351373467484068835e-01
1.322927731346915659e-01
1.322811165103715547e-01
1.348734712255346968e-01
1.324367488517595171e-01
1.299493078720746764e-01
1.350932623883162043e-01
1.346578568738557580e-01
1.322839162918729716e-01
1.322123338982131024e-01
1.351026781936031929e-01
1.348072034235965055e-01
1.323461977911101206e-01
1.297472756785982007e-01
1.322791421935968492e-01
1.316967632259170295e-01
1.298785148224655961e-01
1.298385411932286848e-01
1.322880000075094542e-01
1.323235313084503706e-01
1.298003208029606947e-01
1.326024542353893276e-01
1.313038694406623574e-01
1.348045340494352928e-01
1.322815338695179366e-01
1.347170943796109910e-01
1.323024880493886557e-01
1.324130278829610541e-01
1.323276875956698462e-01
1.323465783869055001e-01
1.298500409610871265e-01
1.350454792081188238e-01
1.350036997741109190e-01
1.296476187483956988e-01
1.348996021669777723e-01
1.299279309057420617e-01
1.299102498584264465e-01
1.322448848711467173e-01
1.299363888438972992e-01
1.313504242128231692e-01
1.349192225671698164e-01
1.323003741392562438e-01
1.323939466463818770e-01
1.324875949557795529e-01
1.325170625837331362e-01
1.323191872466858432e-01
1.348324735035882072e-01
1.324981418677766698e-01
1.350567891073725102e-01
1.324153113445347141e-01
1.323234222253591719e-01
1.323622823839976648e-01
1.324158391378198740e-01
1.296449702814913285e-01
1.296742605449942576e-01
1.350288562311947882e-01
1.351125076223301247e-01
1.268461586127509755e-01
1.316391072910051141e-01
1.323850302577115889e-01
1.325821045772482554e-01
1.298747795298896557e-01
1.342142927022361432e-01
1.349320596608249712e-01
1.297100084619270677e-01
1.322625187209669206e-01
1.313535618040221342e-01
1.323604106446808482e-01
1.299091653345954833e-01
1.299393908419984867e-01
1.299300276069663140e-01
1.338752371116378459e-01
