1.451164964197769747e-01
1.409806086046117013e-01
1.666426215370273578e-01
1.472034734567871095e-01
1.807687814956982775e-01
1.540682705794045038e-01
1.711969646242491871e-01
1.635180974070790660e-01
1.393162368324885048e-01
1.769887488770545414e-01
1.389651200260338115e-01
1.576240947800553460e-01
1.460990235490458311e-01
1.407909693807251617e-01
1.649303150223750680e-01
1.615479201386709751e-01
1.859630654750916434e-01
1.507819814618968912e-01
1.570806310861105615e-01
1.500985313270643828e-01
1.865837813522722710e-01
1.662912292863179820e-01
1.776528141535599348e-01
1.560693026586295051e-01
1.371625555358897686e-01
1.383274518836158096e-01
1.722705575778231968e-01
1.481547880175663190e-01
1.739784734121939680e-01
1.442268228998596080e-01
1.578048685040757682e-01
1.686532419830075458e-01
1.446097653828903873e-01
1.477235367155949886e-01
1.836409921527047406e-01
1.518524592742535317e-01
1.530995698025306717e-01
1.613827497134679434e-01
1.596432363848832858e-01
1.710853803955438568e-01
1.439843090536614689e-01
1.460209131203683564e-01
1.455723365464782759e-01
1.661964487197246099e-01
1.540769475808422828e-01
1.498328839152031633e-01
1.515616745005608501e-01
1.528281043090379820e-01
1.588363126205638576e-01
1.505481806685981250e-01
1.498918832144967572e-01
1.578479153736706275e-01
1.965882057474763189e-01
1.679052808022003518e-01
1.435584088141087511e-01
1.486265823274707243e-01
1.756116742395917307e-01
1.422829879879543014e-01
1.554937676331649699e-01
1.517641618705712625e-01
1.496964026932569303e-01
1.445755254665599399e-01
1.458317778197680825e-01
1.546787747215778441e-01
1.548603065148578539e-01
1.445237720323309105e-01
1.435492967418542376e-01
1.902928893876349725e-01
1.401078268319179698e-01
1.794993822637455660e-01
1.455202657834026581e-01
1.678937104459573837e-01
1.572463407519698042e-01
1.277677271225312883e-01
1.420965271769270566e-01
1.737160615994147173e-01
1.437139271016804332e-01
1.961292490764679763e-01
1.407727011615750035e-01
1.374266373454457180e-01
1.451971584353718425e-01
1.365564294057826089e-01
1.608344490767701918e-01
1.473379444766743929e-01
1.428753572126940374e-01
1.646601823827713029e-01
1.616070745748903192e-01
1.855152050525804286e-01
1.602668436215070324e-01
1.952198982320570431e-01
1.515989532774728032e-01
1.688134905630112592e-01
1.598827420709139080e-01
1.385061140372647881e-01
1.598389341967791921e-01
1.587832245715682655e-01
1.855148989547023286e-01
1.436989273520237198e-01
1.365160550095191050e-01
1.673870049391243120e-01
