1.440671825656550942e-01
1.321607224772376743e-01
1.366879151211183585e-01
1.605488101192883155e-01
1.439290924306469988e-01
1.499359245123988160e-01
1.421995402905762707e-01
1.814885990899378077e-01
1.420544301350294691e-01
1.578352747632017772e-01
1.657779876858275769e-01
1.573308258817484595e-01
1.452906149356731347e-01
1.383367606224462365e-01
1.549327864825239542e-01
1.549635457526765403e-01
1.450579475674029506e-01
1.443513991591837409e-01
1.421469287418456739e-01
1.397465892363104756e-01
1.500839220178349087e-01
1.538244307587295912e-01
1.441854237077845047e-01
1.465893619270335624e-01
1.351637537065970562e-01
1.442332569873276127e-01
1.485811996863289353e-01
1.471622905263352266e-01
1.634253040311443861e-01
1.508643265918762633e-01
1.339114033935974724e-01
1.590307236331110208e-01
1.508234577031222767e-01
1.554590520145089916e-01
1.418696560670106022e-01
1.446296236497302823e-01
1.576667903974935114e-01
1.505550454125340054e-01
1.480327497581770957e-01
1.416095269831876280e-01
1.614502426311145433e-01
1.595280693164264352e-01
1.324835747884935966e-01
1.524954130862503365e-01
1.454771421424035927e-01
1.647350226787267224e-01
1.770081845457960323e-01
1.386017205318627599e-01
1.472525175225158633e-01
1.350379549113630007e-01
1.421215052908344489e-01
1.423204426040533821e-01
1.489374976795937167e-01
1.640008148293947143e-01
1.464540684806212578e-01
1.570789840294339323e-01
1.550273725212263920e-01
1.880153464592876911e-01
1.455800492024186266e-01
1.478999288146852220e-01
1.571034405544382839e-01
1.429910731452442296e-01
1.387392867236518224e-01
1.387865109927630125e-01
1.637705965556761345e-01
1.617282675734599273e-01
1.379198870398058441e-01
1.496707410173000463e-01
1.426030396885452634e-01
1.341927131302907972e-01
1.706255084748593553e-01
1.553925085450625632e-01
1.363236196709182724e-01
1.339402342341780572e-01
1.420942710463053704e-01
1.337634558133973806e-01
1.588062071836925659e-01
1.560660414592149881e-01
1.596464329880268318e-01
1.560602725205080255e-01
1.506033502530921830e-01
1.323531937865654595e-01
1.592038425219130249e-01
1.442247138545613427e-01
1.406311510975317425e-01
1.504561106023048211e-01
1.350157342738128319e-01
1.453513615273855641e-01
1.489967231096671618e-01
1.489419084586352804e-01
1.456213116903940508e-01
1.581532508702026829e-01
1.594641836139921720e-01
1.499893738261564302e-01
1.526794335056665119e-01
1.663799544543418663e-01
1.514860530906261549e-01
1.465634705316628539e-01
1.380022005573316446e-01
1.321241246012578863e-01
