1.593711154157675947e-01
1.555852499042847392e-01
1.791513891987846219e-01
1.611985583748393458e-01
1.923904188421233785e-01
1.675182131984556122e-01
1.833313867516070672e-01
1.762004877993649798e-01
1.540440328166413630e-01
1.887014408130070764e-01
1.538387824190144137e-01
1.708072321657968795e-01
1.602154756679178005e-01
1.554751231384915999e-01
1.775683702790023522e-01
1.743093408912973763e-01
1.971821714864662178e-01
1.645899519840590131e-01
1.702773560973885048e-01
1.638566232019960933e-01
1.976764585807876673e-01
1.787604164791785077e-01
1.894884337252632223e-01
1.694082390421139117e-01
1.521659771531740646e-01
1.532870524981506111e-01
1.843210339977164325e-01
1.620761224484268404e-01
1.858412690895257513e-01
1.584979125224198204e-01
1.709488678112061899e-01
1.809882551287359254e-01
1.589485222508562057e-01
1.617024903247724632e-01
1.950106967632805055e-01
1.654952770659300909e-01
1.666908705100244026e-01
1.742458441816370496e-01
1.725588748579219012e-01
1.831445657620301148e-01
1.582734587608266019e-01
1.601161924365336331e-01
1.597985155225530585e-01
1.786847381399733203e-01
1.675411666648596587e-01
1.636787279771300396e-01
1.651669050668653216e-01
1.663993924267591906e-01
1.719457677278111440e-01
1.643329575048177171e-01
1.637121416819876107e-01
1.709422462018315159e-01
2.071600638219158741e-01
1.803132909045891963e-01
1.579589793283184829e-01
1.624438866049997265e-01
1.873534559298675461e-01
1.567085592831787833e-01
1.688674716505775275e-01
1.653093984280404882e-01
1.635480164604232456e-01
1.587875517980763262e-01
1.600605830698801357e-01
1.680589167305214793e-01
1.682514380121699904e-01
1.587471347434145363e-01
1.578198220626930159e-01
2.012397582678145669e-01
1.547565323542532678e-01
1.911379032688084734e-01
1.597203807538158937e-01
1.802931448922812097e-01
1.704299041485002053e-01
1.438533451731293378e-01
1.566266521177530069e-01
1.856500949907859133e-01
1.581615439743464524e-01
2.066949169532302233e-01
1.554330692514601930e-01
1.522941848761660832e-01
1.593312325139784602e-01
1.516259762541134481e-01
1.737282261884439960e-01
1.613707407484556156e-01
1.572665120980313580e-01
1.772261361071670593e-01
1.743993241854307208e-01
1.967793751036415739e-01
1.732256202423248237e-01
2.058853048245837258e-01
1.651615125838510334e-01
1.811433188671403016e-01
1.728115177267285363e-01
1.532869504434953012e-01
1.728838327375462613e-01
1.718963512660097448e-01
1.967885574180182340e-01
1.580596822795639900e-01
1.515636802029324270e-01
1.798402007126865543e-01
