3.169714915121944476e-01
3.204421033899951254e-01
2.865122429108640789e-01
3.199860540139963794e-01
3.204491629099305849e-01
3.168189216209265080e-01
3.191984896808049976e-01
3.010126758522228552e-01
3.201448091540107233e-01
3.189107501025663649e-01
2.989244612569992299e-01
3.197254334575178603e-01
3.205817391299891628e-01
2.992309131403621536e-01
3.197363870067667091e-01
3.200773866063463813e-01
3.207969005402604434e-01
3.207010751900547518e-01
3.197597284489266389e-01
3.122758286157134577e-01
3.204711984275300796e-01
3.201594016396469566e-01
3.200008118573931526e-01
3.195506353328385618e-01
3.182007541506909898e-01
3.204060676913115802e-01
3.215669294182959548e-01
2.922883372203922692e-01
3.118649445227685835e-01
3.207253501339092372e-01
3.202702563794381785e-01
2.967333040713800441e-01
3.210779636887713950e-01
2.956356233810328304e-01
3.223453566006438398e-01
3.201844398207195908e-01
3.203483796032550734e-01
3.209654243286170772e-01
3.194088903618314546e-01
3.222087962435014052e-01
3.012088664399409366e-01
3.219288297180487590e-01
3.208603656685035110e-01
3.147437476052634686e-01
3.217650246409161641e-01
3.203134028688785495e-01
3.208035735749878992e-01
3.204454047529587402e-01
3.205437613523273166e-01
3.205557295348507307e-01
3.200958488396938306e-01
3.111587582283931175e-01
2.977516607959185824e-01
2.973136347756555886e-01
3.036661637878978470e-01
3.197816264498812289e-01
3.198467369334344612e-01
3.116558725721731982e-01
2.735478490503957527e-01
3.214832395168902845e-01
3.215294163825687668e-01
2.660340906716713860e-01
2.608328912892192708e-01
3.146429824266618325e-01
3.201809990871730682e-01
3.206827983060143161e-01
2.959029531123970602e-01
3.053405805815763707e-01
3.217689297844750773e-01
3.183856344371978619e-01
3.200555220807445034e-01
2.955715726440356628e-01
3.177127417383250330e-01
3.203450797939930150e-01
3.200949119447069058e-01
2.958343423382460702e-01
3.203382113760224192e-01
3.204825896907630423e-01
3.214516156620642606e-01
3.206153867486430387e-01
3.043087441608730570e-01
3.205918438312931329e-01
3.206495442652666505e-01
2.898550815909638478e-01
3.214363274133787418e-01
3.204480380397053962e-01
3.204189389715567104e-01
3.091360446046447219e-01
3.213486634850290513e-01
3.202068236396548029e-01
3.215831610896469628e-01
3.205249866876322407e-01
2.998347755070781551e-01
3.220034810898600997e-01
3.213479885539722858e-01
2.964414723839727817e-01
3.208673358399948827e-01
3.210327322657220983e-01
3.177532853350338304e-01
3.206629651479386833e-01
