1.420355854181536426e-01
1.420270228555900738e-01
1.419889657790993076e-01
1.420498901275482340e-01
1.420231739294121054e-01
1.420365380890664941e-01
1.420440584337483991e-01
1.419842046490236431e-01
1.420471270510274830e-01
1.420044767285983389e-01
1.420366530282531070e-01
1.420020183261225533e-01
1.419830732485956315e-01
1.420304336801613554e-01
1.420355461435337530e-01
1.420392439840335030e-01
1.419985149816259673e-01
1.419646752389997491e-01
1.420024829669302435e-01
1.420290110438536535e-01
1.420172211977588084e-01
1.420282044057562254e-01
1.420322719478962770e-01
1.420638261236285560e-01
1.419618307264113588e-01
1.420139893625568528e-01
1.420247706468823756e-01
1.419484967046244495e-01
1.419936216488289493e-01
1.419890224804427892e-01
1.420664891085894332e-01
1.420432383544645294e-01
1.420603888595957098e-01
1.419438781656638393e-01
1.420380792530150094e-01
1.420034171068949025e-01
1.419882060705455196e-01
1.420548555723347428e-01
1.420382361387350356e-01
1.419900162788139963e-01
1.420540167026579648e-01
1.420591058476864676e-01
1.420002257237071297e-01
1.419867415300776481e-01
1.419960280948062703e-01
1.420530085930927222e-01
1.420556779145925874e-01
1.419601447426044050e-01
1.418806623338715600e-01
1.420257590443176621e-01
1.420063859017796359e-01
1.419989171882512502e-01
1.419654192281144256e-01
1.419467190481319141e-01
1.419882060705455196e-01
1.420090287927091577e-01
1.420075935612170326e-01
1.419986616730690709e-01
1.420353150811259069e-01
1.420134543664017535e-01
1.420252160047049128e-01
1.420804296893903862e-01
1.420020138394915421e-01
1.420039004379118341e-01
1.420159796625247994e-01
1.419931448480815095e-01
1.420028801982240740e-01
1.419788921090955613e-01
1.420471103016433811e-01
1.420095228085322125e-01
1.420640680159659941e-01
1.420004785842835515e-01
1.419987786385127349e-01
1.420556116442729389e-01
1.420699512616675209e-01
1.420404842102011289e-01
1.419735336147655846e-01
1.420381086991358288e-01
1.419702436621399222e-01
1.419592747810816957e-01
1.420477522760732192e-01
1.420667792806718510e-01
1.420367210873409169e-01
1.419950764641167706e-01
1.419877594767137430e-01
1.420151594379155946e-01
1.420064821965730251e-01
1.420379558717962676e-01
1.420095746652021707e-01
1.420556446872308920e-01
1.420227320630483847e-01
1.420277091378849277e-01
1.420054077288538108e-01
1.420405076582598736e-01
1.419983353666206261e-01
1.419659255868905012e-01
1.419955774438143858e-01
1.419857971954516795e-01
1.420005690080129446e-01
1.420029706065916442e-01
