3.231408052647783968e-01
3.265276386194902458e-01
2.934876993449103133e-01
3.260746975952178439e-01
3.265360801511182354e-01
3.229976768726322556e-01
3.252879286401326175e-01
3.075398479196783663e-01
3.262326141305712524e-01
3.250361928222516017e-01
3.055316886537209342e-01
3.258195900452691141e-01
3.266658065590633542e-01
3.058464635620670169e-01
3.258397484531714849e-01
3.261709002467985674e-01
3.268693892585153304e-01
3.267852037068441629e-01
3.258556464254387941e-01
3.185140529550465893e-01
3.265680247111689138e-01
3.262499848661072344e-01
3.260775754895733902e-01
3.256541718175464117e-01
3.243311482965117176e-01
3.264897909250118468e-01
3.276312551771380366e-01
2.990912040273946415e-01
3.182120169172711899e-01
3.267982566925876631e-01
3.263602947974013069e-01
3.034091636758775024e-01
3.271553077688478806e-01
3.023711145164895142e-01
3.283878838111713439e-01
3.262760691359116727e-01
3.264274042088801120e-01
3.270511713301832435e-01
3.255183180437131729e-01
3.282592701037722605e-01
3.078234061116188469e-01
3.279830855750154317e-01
3.269417910799938820e-01
3.209828813643477163e-01
3.278249307899410159e-01
3.263923623395176832e-01
3.268765257368990151e-01
3.265371651892191585e-01
3.266577905618765487e-01
3.266444460889739720e-01
3.261857814077215312e-01
3.174466228540119839e-01
3.044064604085161552e-01
3.039633274303964461e-01
3.100961315992130096e-01
3.258754864967185472e-01
3.259491535215669478e-01
3.180027201965123229e-01
2.808469618107421462e-01
3.275533265738775901e-01
3.275913971978812178e-01
2.735991063148148772e-01
2.686069653160135240e-01
3.208697184881461051e-01
3.262777999016567843e-01
3.267600604207872017e-01
3.026318185243929149e-01
3.117624996521589642e-01
3.278293686196600554e-01
3.245176913751208203e-01
3.261426539521404822e-01
3.023009031060788776e-01
3.238589266810850131e-01
3.264182360247296910e-01
3.261859982951959003e-01
3.025188278768907724e-01
3.264287912339258746e-01
3.265670435171385555e-01
3.275214364850541626e-01
3.267277032970521411e-01
3.107942012917347951e-01
3.266639594528352175e-01
3.267356551562624611e-01
2.967025805952661632e-01
3.275011852518900368e-01
3.265393974021839063e-01
3.265147659360547183e-01
3.154447484386654343e-01
3.274141699653385085e-01
3.262970961598488095e-01
3.276532009864459027e-01
3.266090354758696690e-01
3.063986452551398787e-01
3.280588560347921789e-01
3.274190672856653883e-01
3.031038931252195701e-01
3.269534579042251421e-01
3.270985172978710942e-01
3.239008939045570634e-01
3.267352878949686956e-01
