1.257008975109599469e-01
1.160110511132940309e-01
1.178164714725569995e-01
1.249185512220164773e-01
1.196757846198344133e-01
1.217063067187627162e-01
1.243394105972883967e-01
1.167368706430221698e-01
1.304993455184824680e-01
1.294516502807463443e-01
1.195618282104153052e-01
1.272470143617898397e-01
1.272280201391725873e-01
1.147678886849975988e-01
1.234589686062029235e-01
1.179673779052367866e-01
1.195153835008186255e-01
1.295489000691824322e-01
1.193156825394488807e-01
1.250202614205571106e-01
1.361465988012293682e-01
1.293076849237275450e-01
1.303631262276289393e-01
1.172071576954205191e-01
1.211522497885338112e-01
1.250690645032076498e-01
1.409175478405538806e-01
1.177925398708184190e-01
1.177766696911066446e-01
1.200703752356775400e-01
1.142794882982427623e-01
1.207277410314989002e-01
1.167071122051227955e-01
1.156661090299526268e-01
1.210408666487318569e-01
1.197217278975175880e-01
1.216041963876039189e-01
1.277456207443389280e-01
1.177348592579480213e-01
1.207634959971764371e-01
1.408354619446089695e-01
1.209782140290090735e-01
1.196605478233576797e-01
1.204654586075760425e-01
1.183025311752658043e-01
1.166444554022962737e-01
1.275280067944896401e-01
1.355082330538850688e-01
1.175928406022970635e-01
1.228383256282864766e-01
1.224324396875952486e-01
1.213589550250835508e-01
1.176652823359860961e-01
1.255399894568994257e-01
1.170862317268602376e-01
1.184602811023498931e-01
1.211021169321696012e-01
1.196695768726103448e-01
1.213902597880516382e-01
1.197261903383561449e-01
1.235882270792684479e-01
1.303302792080922590e-01
1.307493475744784528e-01
1.283730387082635538e-01
1.236450282579689003e-01
1.210246154024481463e-01
1.169073866489868108e-01
1.138792974597326452e-01
1.270158848064376900e-01
1.179417370869833837e-01
1.096966596456976917e-01
1.244951619405734039e-01
1.282473045403752787e-01
1.149278898995036297e-01
1.328736360502215663e-01
1.103434105890374328e-01
1.197036678748293059e-01
1.197633380227033362e-01
1.178258715355102876e-01
1.153609985585946907e-01
1.233470692334867475e-01
1.263188447760743571e-01
1.275981552637863170e-01
1.223942258309789061e-01
1.319533207231627092e-01
1.222370592444687321e-01
1.164096674970501177e-01
1.347507508541428423e-01
1.316644932356609565e-01
1.229931232641986449e-01
1.142111126592435522e-01
1.264954529677762840e-01
1.193903729775243477e-01
1.360030864964585640e-01
1.351568180763310090e-01
1.303055935052521985e-01
1.110807276460889226e-01
1.149524018900899419e-01
1.327043844399010408e-01
1.176652730502165400e-01
