1.364401669990119859e-01
1.323443036163300945e-01
1.324901450776323764e-01
1.347192075070996475e-01
1.397363608285439596e-01
1.299339017194971191e-01
1.346842096165179192e-01
1.397821903357872875e-01
1.313382257402151421e-01
1.349903213881185893e-01
1.346552593670135023e-01
1.419617675642212973e-01
1.362608038504733166e-01
1.419832202461901172e-01
1.363836246312886968e-01
1.324610364563474363e-01
1.346251203545101860e-01
1.397606140026055044e-01
1.347846433757027007e-01
1.397417746661579196e-01
1.313504242128231692e-01
1.347275348561414454e-01
1.299181436036191684e-01
1.419963541297635246e-01
1.341720160482302859e-01
1.299038094161512613e-01
1.323847539167193610e-01
1.419912124731957104e-01
1.350851226263589944e-01
1.419917206954839639e-01
1.322372394425824216e-01
1.420184758097240985e-01
1.362894544916796735e-01
1.324608534933555404e-01
1.351678302988564839e-01
1.349008042959115306e-01
1.322415891425545442e-01
1.398029792018462003e-01
1.350260913155494624e-01
1.346768506176748981e-01
1.322858118972636277e-01
1.300015385521776923e-01
1.323724599703189064e-01
1.317160268807958945e-01
1.313504242128231692e-01
1.364403198336275325e-01
1.323137199131225461e-01
1.323909148836687755e-01
1.418402646409810675e-01
1.347601646590788349e-01
1.420083026866238995e-01
1.323397132647916585e-01
1.363583728310485688e-01
1.322959455546406093e-01
1.397775611500629289e-01
1.363736936445352488e-01
1.299390093480963237e-01
1.397587774367930191e-01
1.313540682868016285e-01
1.420057148276775982e-01
1.363862698465703738e-01
1.313504242128231692e-01
1.420404323382948863e-01
1.364270163222359167e-01
1.299205657297471672e-01
1.397150494009864741e-01
1.419796113134327853e-01
1.299474820046930823e-01
1.420413305317539399e-01
1.363967449567914936e-01
1.397547935559345367e-01
1.366104346549294468e-01
1.420030740174611505e-01
1.420060795205912441e-01
1.348446312757356769e-01
1.419578485995641182e-01
1.350392485326050440e-01
1.362358588508337798e-01
1.322392826700714841e-01
1.346192615267648718e-01
1.397789981833933715e-01
1.294707460741509608e-01
1.296492906369718645e-01
1.419828125370166672e-01
1.348012853280364520e-01
1.346918512968992565e-01
1.364942461465227797e-01
1.322889768225010143e-01
1.418226486705545797e-01
1.419878696310633570e-01
1.419529676722294242e-01
1.419749624691211409e-01
1.348404384342456463e-01
1.322862951793001840e-01
1.419878064206601953e-01
1.347351257054106854e-01
1.323456037275449748e-01
1.299715761731453645e-01
1.346150756189060937e-01
1.338975769471394683e-01
