1.257023238078764649e-01
1.256925159002359738e-01
1.256381734672248618e-01
1.257187057040330125e-01
1.256883932486559941e-01
1.256935948574862960e-01
1.257126996125035590e-01
1.256325294178112506e-01
1.257157683416295912e-01
1.256549981779335745e-01
1.257045664349672742e-01
1.256507017104827317e-01
1.256304805121825907e-01
1.256955330215907274e-01
1.257024923901355895e-01
1.257063884163545642e-01
1.256460222209559163e-01
1.256118947733046165e-01
1.256502958812052151e-01
1.256934139737417022e-01
1.256678156038395222e-01
1.256822285499123726e-01
1.256970009255874987e-01
1.257334643225944959e-01
1.256071849208757196e-01
1.256777847538886883e-01
1.256777313340635416e-01
1.255915627554300695e-01
1.256463804840088627e-01
1.256378414038109015e-01
1.257370302201930579e-01
1.257101912101945551e-01
1.257296171180860012e-01
1.255860245032634492e-01
1.257033412651617499e-01
1.256644015690472349e-01
1.256349861924662414e-01
1.257219435379202388e-01
1.256920878795760865e-01
1.256371763231955152e-01
1.257240824564591353e-01
1.257295654619676462e-01
1.256507214257135963e-01
1.256352873426437866e-01
1.256454051018471851e-01
1.257223190766929288e-01
1.257237589606682859e-01
1.256034813431826103e-01
1.254961602344519256e-01
1.256894239175484207e-01
1.256555302804283070e-01
1.256590418158871347e-01
1.256105167435366821e-01
1.255898330297822718e-01
1.256349861924662414e-01
1.256727688254665187e-01
1.256582895336483541e-01
1.256487919819693211e-01
1.256884674860654916e-01
1.256754483616309703e-01
1.256773260044495855e-01
1.257551543474290101e-01
1.256561037770442812e-01
1.256542770493110361e-01
1.256682748455142384e-01
1.256420282130711608e-01
1.256669586914312409e-01
1.256266236689921600e-01
1.257015130708458717e-01
1.256726046734107649e-01
1.257326272508592357e-01
1.256484802311609028e-01
1.256473620753340570e-01
1.257276480897153714e-01
1.257401832277232068e-01
1.257081227273728341e-01
1.256231187704310581e-01
1.257038505548046525e-01
1.256173126057357481e-01
1.256013577140426551e-01
1.257149362312348639e-01
1.257360294603397377e-01
1.257017641098022165e-01
1.256438417030678878e-01
1.256344108245256719e-01
1.256655984884590405e-01
1.256671449505121496e-01
1.257050070223309779e-01
1.256613678350085861e-01
1.257235417239654096e-01
1.256763614673779006e-01
1.256960141691973454e-01
1.256546605818164575e-01
1.257055767808201996e-01
1.256466097430581630e-01
1.256111810156275432e-01
1.256454920408727749e-01
1.256327786236817179e-01
1.256504876472760435e-01
1.256544307364952651e-01
