1.117549032175524232e-01
1.256784835670890499e-01
1.231416124020321273e-01
1.255916462013547119e-01
1.145568043922869789e-01
1.256805468397029779e-01
1.174698441443480096e-01
1.117677753268436075e-01
1.133884685297451705e-01
1.256495505788346179e-01
1.175453875587808700e-01
1.256480200764256150e-01
1.191901079857260459e-01
1.256340517565299741e-01
1.256927504460542966e-01
1.147470599453170176e-01
1.144956207557114997e-01
1.231863267523066463e-01
1.256963396898193031e-01
1.256599833681308620e-01
1.256222956371340349e-01
1.174115012615765674e-01
1.117389418391309258e-01
1.256688944033923505e-01
1.256821965749261583e-01
1.117541174956253186e-01
1.145892194814130405e-01
1.256929145338419318e-01
1.177080318816056820e-01
1.257223783441056009e-01
1.256537080360934089e-01
1.255938162088733601e-01
1.256608337179459245e-01
1.256198633587747582e-01
1.256806713532148123e-01
1.173529903508390565e-01
1.144766555603109054e-01
1.231588621854903115e-01
1.256761715405818325e-01
1.173192006825031636e-01
1.145859853361023278e-01
1.255264761248305327e-01
1.257083033199396516e-01
1.138427585002783626e-01
1.256728494408053121e-01
1.190907150835230355e-01
1.145999245294711949e-01
1.145911562967643904e-01
1.254724043392904942e-01
1.190059505319789046e-01
1.256590583548275186e-01
1.256227355101993959e-01
1.256813615716126376e-01
1.256114549662882551e-01
1.144940812849176287e-01
1.193348763429469828e-01
1.256734200389267864e-01
1.231570284100997753e-01
1.256392833079912064e-01
1.192428355374620247e-01
1.192872568309746306e-01
1.256214918049737284e-01
1.255837598921107912e-01
1.193240065717614679e-01
1.117700063415126566e-01
1.256332233904663143e-01
1.256797182996010898e-01
1.117512894641137372e-01
1.255997890105969017e-01
1.192132067351309860e-01
1.231423847491448925e-01
1.193848695402727478e-01
1.256574395903165831e-01
1.255762140743610922e-01
1.256321390419933293e-01
1.256368270919740737e-01
1.256963621638712281e-01
1.256000673302994641e-01
1.144716366462402019e-01
1.256005948450270859e-01
1.256581437541148538e-01
1.112889704802213914e-01
1.113594020701285520e-01
1.256142538929150843e-01
1.256073870066683473e-01
1.255863208526762920e-01
1.256473861632797506e-01
1.256951148900394832e-01
1.256629056002583344e-01
1.256390378855298806e-01
1.256790383491846186e-01
1.256247854212756143e-01
1.134036840961992199e-01
1.256277154874934077e-01
1.255946760557522246e-01
1.256205336390005256e-01
1.256263389913982731e-01
1.256314879474534352e-01
1.256515564128239115e-01
1.177274320436538929e-01
